0,0
1,1
2,2
3,3
4,4
5,5
6,6
7,7
8,8
9,9
10,10
11,11
12,12
13,13
14,1
15,5
16,4
17,14
18,15
19,9
20,16
21,17
22,18
23,19
24,20
25,21
26,22
27,9
28,23
29,4
30,9
31,24
32,25
33,26
34,27
35,28
36,29
37,23
38,30
39,31
40,23
41,32
42,32
43,33
44,34
45,35
46,36
47,37
48,38
49,39
50,9
51,7
52,9
53,26
54,40
55,41
56,42
57,43
58,30
59,44
60,45
61,46
62,29
63,47
64,48
65,37
66,9
67,49
68,50
69,51
70,8
71,52
72,23
73,24
74,20
75,53
76,8
77,54
78,8
79,55
80,56
81,24
82,12
83,57
84,58
85,59
86,16
87,8
88,59
89,60
90,6
91,61
92,62
93,63
94,64
95,44
96,29
97,44
98,26
99,65
100,61
101,53
102,33
103,23
104,1
105,61
106,53
107,33
108,44
109,66
110,30
111,44
112,44
113,44
114,67
115,4
116,30
117,53
118,68
119,10
120,41
121,48
122,69
123,70
124,6
125,71
126,72
127,44
128,73
129,74
130,12
131,53
132,4
133,70
134,22
135,75
136,23
137,22
138,6
139,22
140,16
141,76
142,56
143,10
144,10
145,21
146,77
147,58
148,23
149,10
150,9
151,39
152,78
153,79
154,6
155,10
156,80
157,31
158,7
159,81
160,35
161,82
162,26
163,83
164,84
165,85
166,10
167,86
168,87
169,88
170,41
171,4
172,10
173,89
174,90
175,26
176,89
177,25
178,91
179,83
180,92
181,93
182,89
183,83
184,8
185,94
186,89
187,8
188,95
189,91
190,96
191,91
192,86
193,97
194,98
195,36
196,54
197,48
198,90
199,99
200,44
201,69
202,100
203,21
204,21
205,6
206,86
207,101
208,54
209,28
210,102
211,23
212,1
213,103
214,28
215,41
216,104
217,77
218,22
219,41
220,50
221,4
222,105
223,106
224,30
225,22
226,65
227,106
228,107
229,86
230,63
231,8
232,48
233,44
234,108
235,108
236,109
237,30
238,110
239,28
240,68
241,111
242,8
243,112
244,113
245,7
246,114
247,83
248,86
249,4
250,66
251,7
252,115
253,23
254,23
255,50
256,111
257,53
258,116
259,114
260,117
261,83
262,13
263,118
264,95
265,119
266,54
267,120
268,48
269,41
270,121
271,122
272,26
273,22
274,115
275,30
276,48
277,123
278,41
279,124
280,115
281,48
282,8
283,41
284,63
285,21
286,125
287,33
288,126
289,23
290,127
291,83
292,44
293,83
294,48
295,82
296,113
297,13
298,48
299,52
300,128
301,129
302,4
303,130
304,131
305,131
306,132
307,92
308,133
309,24
310,26
311,51
312,36
313,40
314,53
315,134
316,114
317,51
318,31
319,129
320,135
321,114
322,18
323,31
324,136
325,121
326,34
327,41
328,4
329,34
330,8
331,8
332,8
333,53
334,137
335,21
336,53
337,138
338,132
339,30
340,139
341,53
342,140
343,35
344,141
345,88
346,50
347,135
348,35
349,4
350,142
351,8
352,53
353,143
354,120
355,105
356,132
357,31
358,17
359,40
360,4
361,70
362,144
363,145
364,128
365,44
366,146
367,53
368,67
369,92
370,147
371,47
372,29
373,120
374,45
375,45
376,70
377,148
378,108
379,149
380,115
381,150
382,30
383,18
384,88
385,148
386,151
387,108
388,31
389,4
390,7
391,8
392,46
393,133
394,70
395,152
396,23
397,35
398,86
399,6
400,105
401,24
402,153
403,8
404,86
405,95
406,58
407,29
408,70
409,8
410,115
411,154
412,155
413,31
414,107
415,114
416,58
417,64
418,101
419,156
420,88
421,83
422,157
423,122
424,58
425,58
426,158
427,83
428,22
429,159
430,107
431,133
432,12
433,107
434,143
435,160
436,161
437,143
438,158
439,23
440,29
441,22
442,23
443,83
444,31
445,162
446,163
447,92
448,164
449,30
450,165
451,166
452,8
453,147
454,23
455,9
456,115
457,167
458,156
459,168
460,23
461,26
462,48
463,53
464,123
465,169
466,144
467,74
468,33
469,44
470,92
471,170
472,171
473,92
474,31
475,83
476,139
477,24
478,16
479,172
480,147
481,48
482,173
483,120
484,41
485,163
486,115
487,44
488,107
489,107
490,107
491,174
492,175
493,176
494,126
495,143
496,177
497,178
498,177
499,6
500,100
501,102
502,86
503,24
504,8
505,76
506,101
507,108
508,91
509,179
510,106
511,132
512,76
513,22
514,180
515,102
516,101
517,71
518,76
519,83
520,23
521,44
522,23
523,44
524,181
525,8
526,44
527,163
528,140
529,8
530,54
531,143
532,8
533,114
534,4
535,182
536,64
537,44
538,29
539,151
540,83
541,183
542,107
543,159
544,159
545,184
546,185
547,106
548,59
549,106
550,26
551,8
552,53
553,9
554,122
555,21
556,186
557,187
558,21
559,187
560,23
561,187
562,23
563,179
564,69
565,188
566,69
567,29
568,10
569,124
570,59
571,41
572,59
573,189
574,108
575,190
576,41
577,191
578,192
579,193
580,132
581,194
582,26
583,108
584,5
585,189
586,8
587,9
588,195
589,193
590,196
591,18
592,36
593,44
594,8
595,48
596,9
597,23
598,83
599,80
600,114
601,8
602,95
603,12
604,108
605,12
606,30
607,197
608,29
609,21
610,198
611,30
612,53
613,8
614,30
615,199
616,8
617,53
618,30
619,107
620,8
621,200
622,4
623,194
624,23
625,148
626,12
627,7
628,59
629,22
630,29
631,12
632,87
633,41
634,41
635,201
636,202
637,203
638,58
639,16
640,24
641,204
642,205
643,111
644,83
645,206
646,41
647,23
648,92
649,30
650,26
651,26
652,86
653,13
654,58
655,75
656,76
657,76
658,105
659,71
660,10
661,18
662,100
663,4
664,76
665,7
666,207
667,208
668,29
669,28
670,22
671,101
672,102
673,187
674,44
675,9
676,99
677,199
678,108
679,44
680,8
681,53
682,22
683,137
684,113
685,90
686,108
687,108
688,24
689,114
690,51
691,14
692,9
693,104
694,23
695,186
696,175
697,10
698,11
699,193
700,209
701,210
702,211
703,212
704,213
705,142
706,51
707,8
708,50
709,108
710,21
711,70
712,214
713,215
714,92
715,144
716,8
717,83
718,216
719,30
720,132
721,217
722,218
723,93
724,150
725,108
726,72
727,8
728,41
729,219
730,220
731,192
732,48
733,10
734,221
735,50
736,8
737,53
738,222
739,85
740,115
741,223
742,87
743,128
744,121
745,66
746,50
747,50
748,58
749,154
750,9
751,50
752,50
753,51
754,83
755,148
756,23
757,44
758,72
759,16
760,20
761,206
762,47
763,20
764,23
765,22
766,166
767,224
768,7
769,147
770,8
771,50
772,106
773,135
774,9
775,171
776,53
777,225
778,107
779,33
780,107
781,107
782,70
783,148
784,107
785,107
786,107
787,107
788,107
789,126
790,107
791,171
792,171
793,183
794,226
795,171
796,141
797,44
798,83
799,147
800,25
801,29
802,44
803,29
804,115
805,107
806,92
807,92
808,29
809,68
810,29
811,4
812,4
813,12
814,10
815,10
816,41
817,227
818,29
819,211
820,147
821,4
822,98
823,4
824,228
825,21
826,229
827,228
828,159
829,84
830,64
831,145
832,230
833,10
834,35
835,54
836,8
837,140
838,54
839,231
840,232
841,30
842,8
843,143
844,154
845,215
846,41
847,30
848,8
849,50
850,8
851,233
852,140
853,217
854,115
855,26
856,12
857,154
858,29
859,115
860,91
861,53
862,30
863,9
864,58
865,8
866,23
867,35
868,8
869,73
870,24
871,115
872,120
873,155
874,120
875,120
876,22
877,120
878,53
879,8
880,8
881,234
882,34
883,48
884,120
885,120
886,7
887,73
888,8
889,8
890,126
891,50
892,50
893,107
894,12
895,123
896,12
897,235
898,159
899,182
900,8
901,8
902,156
903,58
904,86
905,58
906,199
907,24
908,8
909,31
910,53
911,107
912,133
913,236
914,4
915,83
916,7
917,57
918,41
919,211
920,41
921,41
922,219
923,24
924,86
925,133
926,186
927,70
928,237
929,12
930,238
931,8
932,58
933,129
934,107
935,178
936,44
937,70
938,102
939,212
940,91
941,70
942,22
943,159
944,115
945,115
946,143
947,70
948,44
949,26
950,115
951,115
952,131
953,159
954,73
955,239
956,105
957,41
958,148
959,70
960,105
961,24
962,58
963,83
964,72
965,73
966,115
967,148
968,240
969,241
970,143
971,12
972,115
973,148
974,8
975,115
976,8
977,58
978,24
979,24
980,115
981,25
982,8
983,4
984,13
985,242
986,25
987,194
988,16
989,139
990,243
991,105
992,58
993,70
994,35
995,158
996,8
997,29
998,29
999,115
1000,39
1001,220
1002,60
1003,244
1004,245
1005,86
1006,241
1007,246
1008,192
1009,247
1010,194
1011,35
1012,48
1013,30
1014,93
1015,44
1016,248
1017,60
1018,200
1019,111
1020,242
1021,100
1022,249
1023,8
1024,117
1025,115
1026,115
1027,115
1028,8
1029,12
1030,148
1031,82
1032,148
1033,108
1034,61
1035,44
1036,250
1037,70
1038,44
1039,29
1040,8
1041,8
1042,8
1043,30
1044,58
1045,134
1046,251
1047,31
1048,9
1049,5
1050,133
1051,106
1052,63
1053,241
1054,44
1055,60
1056,143
1057,174
1058,16
1059,143
1060,35
1061,50
1062,221
1063,88
1064,88
1065,24
1066,236
1067,54
1068,44
1069,50
1070,8
1071,8
1072,48
1073,241
1074,8
1075,50
1076,252
1077,8
1078,8
1079,18
1080,231
1081,59
1082,59
1083,207
1084,10
1085,22
1086,41
1087,58
1088,58
1089,66
1090,58
1091,8
1092,8
1093,8
1094,253
1095,8
1096,8
1097,53
1098,53
1099,8
1100,53
1101,8
1102,8
1103,8
1104,120
1105,70
1106,70
1107,70
1108,70
1109,44
1110,237
1111,200
1112,41
1113,115
1114,8
1115,243
1116,33
1117,71
1118,24
1119,100
1120,254
1121,255
1122,33
1123,12
1124,256
1125,72
1126,4
1127,106
1128,100
1129,159
1130,107
1131,133
1132,80
1133,117
1134,106
1135,8
1136,8
1137,8
1138,8
1139,140
1140,140
1141,151
1142,8
1143,8
1144,44
1145,8
1146,8
1147,8
1148,115
1149,8
1150,53
1151,8
1152,8
1153,8
1154,8
1155,73
1156,210
1157,44
1158,16
1159,215
1160,148
1161,231
1162,115
1163,83
1164,16
1165,8
1166,54
1167,44
1168,257
1169,44
1170,41
1171,58
1172,12
1173,86
1174,148
1175,21
1176,23
1177,115
1178,115
1179,8
1180,66
1181,91
1182,226
1183,91
1184,3
1185,48
1186,23
1187,50
1188,8
1189,258
1190,259
1191,260
1192,53
1193,58
1194,261
1195,23
1196,121
1197,120
1198,41
1199,72
1200,72
1201,73
1202,104
1203,120
1204,59
1205,207
1206,143
1207,70
1208,70
1209,83
1210,203
1211,70
1212,107
1213,44
1214,50
1215,254
1216,48
1217,30
1218,262
1219,30
1220,133
1221,115
1222,8
1223,53
1224,10
1225,48
1226,34
1227,33
1228,230
1229,107
1230,12
1231,24
1232,106
1233,58
1234,230
1235,106
1236,44
1237,23
1238,122
1239,107
1240,59
1241,107
1242,60
1243,83
1244,12
1245,107
1246,199
1247,58
1248,83
1249,58
1250,24
1251,31
1252,70
1253,107
1254,44
1255,61
1256,107
1257,224
1258,70
1259,70
1260,44
1261,82
1262,263
1263,41
1264,82
1265,225
1266,139
1267,132
1268,135
1269,90
1270,135
1271,68
1272,135
1273,166
1274,135
1275,139
1276,41
1277,183
1278,264
1279,265
1280,239
1281,89
1282,70
1283,88
1284,107
1285,266
1286,107
1287,24
1288,4
1289,4
1290,159
1291,31
1292,23
1293,133
1294,12
1295,206
1296,89
1297,12
1298,148
1299,29
1300,23
1301,82
1302,30
1303,52
1304,25
1305,30
1306,267
1307,159
1308,30
1309,30
1310,8
1311,22
1312,106
1313,24
1314,207
1315,215
1316,159
1317,108
1318,30
1319,29
1320,268
1321,107
1322,22
1323,91
1324,53
1325,23
1326,115
1327,157
1328,268
1329,107
1330,44
1331,163
1332,107
1333,8
1334,133
1335,107
1336,92
1337,70
1338,111
1339,9
1340,54
1341,269
1342,70
1343,107
1344,53
1345,270
1346,104
1347,18
1348,23
1349,50
1350,8
1351,271
1352,58
1353,121
1354,145
1355,217
1356,22
1357,143
1358,148
1359,8
1360,44
1361,12
1362,108
1363,107
1364,144
1365,223
1366,241
1367,41
1368,133
1369,53
1370,235
1371,135
1372,183
1373,139
1374,45
1375,51
1376,7
1377,18
1378,8
1379,18
1380,272
1381,8
1382,121
1383,108
1384,70
1385,106
1386,141
1387,48
1388,114
1389,264
1390,50
1391,273
1392,46
1393,50
1394,83
1395,251
1396,30
1397,274
1398,91
1399,91
1400,88
1401,91
1402,6
1403,44
1404,59
1405,61
1406,275
1407,8
1408,233
1409,276
1410,232
1411,34
1412,129
1413,177
1414,108
1415,108
1416,140
1417,177
1418,108
1419,277
1420,135
1421,60
1422,34
1423,241
1424,8
1425,21
1426,45
1427,278
1428,23
1429,39
1430,35
1431,54
1432,279
1433,202
1434,66
1435,177
1436,41
1437,191
1438,234
1439,44
1440,139
1441,132
1442,246
1443,275
1444,115
1445,44
1446,70
1447,7
1448,44
1449,24
1450,50
1451,58
1452,50
1453,200
1454,93
1455,72
1456,108
1457,13
1458,114
1459,12
1460,30
1461,43
1462,30
1463,12
1464,43
1465,30
1466,13
1467,280
1468,194
1469,207
1470,41
1471,89
1472,107
1473,29
1474,159
1475,12
1476,107
1477,108
1478,107
1479,108
1480,281
1481,121
1482,41
1483,28
1484,29
1485,112
1486,107
1487,115
1488,8
1489,197
1490,235
1491,107
1492,92
1493,102
1494,266
1495,6
1496,66
1497,72
1498,73
1499,22
1500,70
1501,70
1502,106
1503,4
1504,83
1505,207
1506,54
1507,45
1508,44
1509,66
1510,282
1511,120
1512,8
1513,108
1514,70
1515,154
1516,8
1517,241
1518,8
1519,111
1520,12
1521,283
1522,50
1523,151
1524,58
1525,284
1526,232
1527,273
1528,45
1529,140
1530,120
1531,126
1532,54
1533,115
1534,50
1535,8
1536,13
1537,115
1538,230
1539,285
1540,8
1541,191
1542,120
1543,275
1544,183
1545,107
1546,107
1547,139
1548,142
1549,139
1550,135
1551,246
1552,246
1553,286
1554,135
1555,135
1556,216
1557,139
1558,287
1559,288
1560,107
1561,107
1562,92
1563,104
1564,104
1565,29
1566,289
1567,108
1568,135
1569,58
1570,124
1571,93
1572,107
1573,290
1574,135
1575,70
1576,17
1577,169
1578,291
1579,45
1580,29
1581,115
1582,50
1583,44
1584,8
1585,114
1586,292
1587,293
1588,16
1589,134
1590,134
1591,235
1592,29
1593,50
1594,246
1595,107
1596,40
1597,144
1598,108
1599,8
1600,294
1601,295
1602,296
1603,109
1604,6
1605,119
1606,93
1607,53
1608,53
1609,140
1610,93
1611,93
1612,179
1613,44
1614,82
1615,31
1616,107
1617,48
1618,44
1619,280
1620,297
1621,219
1622,29
1623,159
1624,13
1625,58
1626,31
1627,241
1628,266
1629,7
1630,6
1631,83
1632,58
1633,29
1634,44
1635,298
1636,28
1637,100
1638,107
1639,30
1640,26
1641,24
1642,30
1643,83
1644,30
1645,46
1646,299
1647,23
1648,194
1649,80
1650,106
1651,48
1652,117
1653,214
1654,44
1655,8
1656,8
1657,8
1658,6
1659,54
1660,70
1661,300
1662,107
1663,70
1664,115
1665,29
1666,121
1667,26
1668,114
1669,26
1670,53
1671,33
1672,8
1673,70
1674,6
1675,301
1676,91
1677,44
1678,159
1679,133
1680,302
1681,170
1682,44
1683,5
1684,82
1685,44
1686,44
1687,104
1688,107
1689,190
1690,200
1691,50
1692,16
1693,303
1694,73
1695,44
1696,215
1697,16
1698,73
1699,26
1700,241
1701,8
1702,53
1703,8
1704,53
1705,55
1706,8
1707,58
1708,58
1709,26
1710,24
1711,93
1712,187
1713,133
1714,41
1715,58
1716,285
1717,304
1718,223
1719,172
1720,12
1721,92
1722,107
1723,54
1724,83
1725,66
1726,95
1727,53
1728,104
1729,53
1730,41
1731,44
1732,236
1733,8
1734,175
1735,104
1736,116
1737,116
1738,83
1739,4
1740,163
1741,199
1742,44
1743,26
1744,44
1745,83
1746,303
1747,106
1748,24
1749,8
1750,305
1751,8
1752,73
1753,44
1754,24
1755,306
1756,8
1757,172
1758,108
1759,33
1760,107
1761,48
1762,121
1763,232
1764,148
1765,12
1766,86
1767,307
1768,121
1769,21
1770,9
1771,8
1772,12
1773,50
1774,126
1775,135
1776,135
1777,308
1778,132
1779,144
1780,171
1781,40
1782,92
1783,68
1784,68
1785,107
1786,89
1787,284
1788,50
1789,44
1790,30
1791,50
1792,50
1793,64
1794,230
1795,91
1796,309
1797,226
1798,173
1799,36
1800,30
1801,54
1802,91
1803,215
1804,108
1805,25
1806,58
1807,86
1808,86
1809,43
1810,108
1811,58
1812,29
1813,31
1814,50
1815,8
1816,104
1817,107
1818,58
1819,217
1820,121
1821,186
1822,50
1823,41
1824,310
1825,44
1826,183
1827,135
1828,139
1829,311
1830,135
1831,22
1832,70
1833,312
1834,58
1835,187
1836,201
1837,86
1838,313
1839,187
1840,239
1841,29
1842,31
1843,166
1844,73
1845,207
1846,70
1847,217
1848,89
1849,70
1850,83
1851,207
1852,114
1853,89
1854,314
1855,63
1856,63
1857,63
1858,33
1859,215
1860,63
1861,63
1862,162
1863,91
1864,98
1865,29
1866,83
1867,58
1868,24
1869,159
1870,106
1871,22
1872,315
1873,50
1874,29
1875,54
1876,141
1877,68
1878,298
1879,70
1880,91
1881,50
1882,50
1883,66
1884,316
1885,237
1886,8
1887,317
1888,8
1889,8
1890,163
1891,119
1892,44
1893,7
1894,223
1895,50
1896,44
1897,139
1898,135
1899,108
1900,203
1901,203
1902,86
1903,40
1904,30
1905,134
1906,73
1907,12
1908,207
1909,159
1910,88
1911,29
1912,131
1913,254
1914,44
1915,29
1916,44
1917,133
1918,8
1919,8
1920,91
1921,30
1922,318
1923,8
1924,91
1925,8
1926,53
1927,50
1928,151
1929,8
1930,53
1931,8
1932,103
1933,83
1934,30
1935,8
1936,29
1937,8
1938,148
1939,8
1940,105
1941,108
1942,107
1943,159
1944,47
1945,196
1946,4
1947,115
1948,58
1949,12
1950,319
1951,6
1952,143
1953,101
1954,140
1955,143
1956,76
1957,148
1958,102
1959,48
1960,256
1961,208
1962,133
1963,86
1964,143
1965,102
1966,101
1967,104
1968,12
1969,143
1970,102
1971,65
1972,135
1973,135
1974,92
1975,320
1976,92
1977,227
1978,53
1979,22
1980,4
1981,22
1982,4
1983,207
1984,4
1985,30
1986,66
1987,147
1988,54
1989,7
1990,86
1991,278
1992,58
1993,44
1994,108
1995,249
1996,107
1997,307
1998,8
1999,28
2000,83
2001,208
2002,28
2003,53
2004,54
2005,26
2006,104
2007,51
2008,181
2009,147
2010,51
2011,303
2012,51
2013,148
2014,143
2015,321
2016,80
2017,237
2018,44
2019,83
2020,20
2021,58
2022,44
2023,29
2024,31
2025,308
2026,92
2027,113
2028,11
2029,171
2030,322
2031,113
2032,323
2033,142
2034,132
2035,92
2036,12
2037,54
2038,54
2039,266
2040,12
2041,156
2042,107
2043,324
2044,305
2045,100
2046,163
2047,44
2048,50
2049,44
2050,72
2051,83
2052,279
2053,275
2054,24
2055,8
2056,21
2057,135
2058,90
2059,24
2060,95
2061,144
2062,7
2063,325
2064,322
2065,236
2066,135
2067,92
2068,156
2069,135
2070,22
2071,163
2072,95
2073,54
2074,197
2075,8
2076,86
2077,73
2078,107
2079,58
2080,92
2081,41
2082,144
2083,54
2084,164
2085,12
2086,44
2087,33
2088,41
2089,304
2090,26
2091,141
2092,23
2093,57
2094,59
2095,238
2096,8
2097,41
2098,203
2099,28
2100,30
2101,269
2102,135
2103,326
2104,36
2105,246
2106,327
2107,308
2108,328
2109,135
2110,20
2111,323
2112,11
2113,147
2114,139
2115,139
2116,329
2117,330
2118,11
2119,195
2120,246
2121,41
2122,96
2123,221
2124,128
2125,135
2126,166
2127,286
2128,166
2129,108
2130,20
2131,44
2132,82
2133,210
2134,331
2135,227
2136,35
2137,230
2138,92
2139,41
2140,4
2141,83
2142,89
2143,23
2144,238
2145,23
2146,7
2147,23
2148,303
2149,63
2150,8
2151,326
2152,332
2153,333
2154,165
2155,333
2156,333
2157,126
2158,308
2159,9
2160,41
2161,41
2162,116
2163,320
2164,63
2165,36
2166,112
2167,130
2168,23
2169,7
2170,17
2171,103
2172,35
2173,64
2174,245
2175,51
2176,11
2177,172
2178,172
2179,8
2180,54
2181,92
2182,269
2183,323
2184,216
2185,135
2186,334
2187,330
2188,92
2189,166
2190,335
2191,336
2192,30
2193,337
2194,8
2195,135
2196,179
2197,174
2198,90
2199,98
2200,109
2201,96
2202,207
2203,23
2204,98
2205,295
2206,290
2207,132
2208,338
2209,132
2210,54
2211,276
2212,286
2213,323
2214,305
2215,304
2216,96
2217,209
2218,339
2219,44
2220,70
2221,115
2222,70
2223,171
2224,147
2225,52
2226,10
2227,8
2228,246
2229,113
2230,108
2231,120
2232,8
2233,117
2234,8
2235,36
2236,50
2237,77
2238,35
2239,10
2240,87
2241,24
2242,123
2243,23
2244,44
2245,76
2246,143
2247,100
2248,41
2249,148
2250,76
2251,278
2252,17
2253,4
2254,53
2255,8
2256,110
2257,54
2258,9
2259,193
2260,340
2261,52
2262,23
2263,12
2264,44
2265,23
2266,12
2267,147
2268,23
2269,31
2270,9
2271,16
2272,12
2273,9
2274,132
2275,171
2276,341
2277,218
2278,40
2279,113
2280,113
2281,23
2282,83
2283,65
2284,22
2285,92
2286,205
2287,194
2288,86
2289,148
2290,54
2291,298
2292,31
2293,8
2294,7
2295,45
2296,342
2297,54
2298,24
2299,58
2300,238
2301,21
2302,191
2303,186
2304,119
2305,192
2306,52
2307,21
2308,64
2309,107
2310,24
2311,273
2312,24
2313,58
2314,270
2315,82
2316,343
2317,23
2318,122
2319,31
2320,206
2321,31
2322,344
2323,7
2324,31
2325,29
2326,23
2327,140
2328,107
2329,107
2330,320
2331,107
2332,227
2333,107
2334,108
2335,132
2336,107
2337,307
2338,7
2339,107
2340,163
2341,209
2342,132
2343,336
2344,135
2345,31
2346,92
2347,246
2348,12
2349,51
2350,28
2351,9
2352,53
2353,147
2354,9
2355,151
2356,320
2357,132
2358,108
2359,22
2360,53
2361,340
2362,156
2363,214
2364,275
2365,92
2366,23
2367,236
2368,152
2369,133
2370,20
2371,41
2372,226
2373,335
2374,16
2375,90
2376,336
2377,145
2378,91
2379,107
2380,59
2381,245
2382,44
2383,31
2384,44
2385,88
2386,167
2387,29
2388,107
2389,44
2390,4
2391,29
2392,48
2393,30
2394,324
2395,241
2396,30
2397,30
2398,44
2399,108
2400,30
2401,50
2402,70
2403,203
2404,231
2405,345
2406,4
2407,54
2408,44
2409,121
2410,48
2411,70
2412,133
2413,231
2414,30
2415,103
2416,70
2417,104
2418,44
2419,108
2420,231
2421,8
2422,330
2423,30
2424,115
2425,147
2426,307
2427,44
2428,54
2429,8
2430,83
2431,83
2432,53
2433,36
2434,346
2435,91
2436,91
2437,83
2438,83
2439,48
2440,228
2441,48
2442,83
2443,108
2444,202
2445,34
2446,48
2447,115
2448,8
2449,107
2450,91
2451,9
2452,107
2453,24
2454,22
2455,24
2456,128
2457,140
2458,59
2459,30
2460,59
2461,31
2462,275
2463,22
2464,12
2465,12
2466,8
2467,44
2468,193
2469,7
2470,48
2471,108
2472,89
2473,90
2474,322
2475,286
2476,347
2477,272
2478,348
2479,349
2480,113
2481,286
2482,106
2483,92
2484,90
2485,40
2486,166
2487,246
2488,60
2489,172
2490,272
2491,70
2492,70
2493,44
2494,33
2495,4
2496,31
2497,227
2498,33
2499,218
2500,57
2501,199
2502,33
2503,83
2504,278
2505,236
2506,203
2507,41
2508,350
2509,63
2510,8
2511,31
2512,24
2513,6
2514,92
2515,58
2516,23
2517,91
2518,132
2519,28
2520,165
2521,113
2522,249
2523,203
2524,320
2525,23
2526,6
2527,139
2528,36
2529,163
2530,351
2531,66
2532,107
2533,247
2534,29
2535,41
2536,30
2537,50
2538,173
2539,30
2540,199
2541,105
2542,320
2543,30
2544,246
2545,41
2546,156
2547,132
2548,275
2549,92
2550,122
2551,328
2552,30
2553,26
2554,8
2555,352
2556,44
2557,353
2558,46
2559,44
2560,318
2561,268
2562,177
2563,177
2564,184
2565,92
2566,51
2567,207
2568,78
2569,41
2570,95
2571,139
2572,95
2573,62
2574,221
2575,26
2576,133
2577,108
2578,44
2579,18
2580,72
2581,147
2582,160
2583,30
2584,197
2585,160
2586,30
2587,8
2588,50
2589,8
2590,226
2591,111
2592,163
2593,66
2594,86
2595,54
2596,31
2597,58
2598,158
2599,53
2600,8
2601,108
2602,135
2603,325
2604,44
2605,8
2606,198
2607,142
2608,43
2609,108
2610,354
2611,108
2612,36
2613,246
2614,355
2615,132
2616,44
2617,111
2618,54
2619,24
2620,30
2621,30
2622,20
2623,272
2624,108
2625,44
2626,20
2627,108
2628,108
2629,58
2630,134
2631,351
2632,108
2633,108
2634,30
2635,55
2636,44
2637,73
2638,159
2639,235
2640,24
2641,59
2642,143
2643,24
2644,21
2645,10
2646,30
2647,24
2648,89
2649,156
2650,41
2651,12
2652,64
2653,207
2654,318
2655,5
2656,48
2657,70
2658,133
2659,44
2660,237
2661,16
2662,44
2663,107
2664,5
2665,200
2666,44
2667,115
2668,113
2669,156
2670,140
2671,35
2672,352
2673,148
2674,73
2675,44
2676,7
2677,70
2678,39
2679,86
2680,125
2681,50
2682,91
2683,16
2684,247
2685,166
2686,54
2687,294
2688,38
2689,30
2690,23
2691,29
2692,58
2693,356
2694,182
2695,83
2696,237
2697,12
2698,230
2699,50
2700,44
2701,177
2702,35
2703,58
2704,199
2705,269
2706,4
2707,63
2708,23
2709,58
2710,173
2711,16
2712,8
2713,44
2714,286
2715,76
2716,100
2717,172
2718,143
2719,39
2720,39
2721,4
2722,19
2723,18
2724,120
2725,16
2726,16
2727,272
2728,58
2729,16
2730,50
2731,249
2732,101
2733,53
2734,208
2735,86
2736,64
2737,26
2738,21
2739,1
2740,29
2741,143
2742,269
2743,121
2744,16
2745,76
2746,249
2747,147
2748,16
2749,16
2750,63
2751,202
2752,95
2753,35
2754,4
2755,8
2756,6
2757,54
2758,6
2759,357
2760,58
2761,8
2762,35
2763,8
2764,8
2765,29
2766,82
2767,44
2768,112
2769,56
2770,100
2771,54
2772,358
2773,115
2774,181
2775,47
2776,58
2777,35
2778,16
2779,321
2780,35
2781,35
2782,283
2783,181
2784,44
2785,44
2786,61
2787,44
2788,359
2789,8
2790,215
2791,22
2792,47
2793,156
2794,238
2795,47
2796,70
2797,90
2798,201
2799,48
2800,107
2801,132
2802,70
2803,331
2804,92
2805,63
2806,84
2807,133
2808,133
2809,108
2810,142
2811,139
2812,139
2813,13
2814,268
2815,58
2816,208
2817,132
2818,144
2819,355
2820,53
2821,106
2822,174
2823,70
2824,44
2825,27
2826,207
2827,92
2828,135
2829,24
2830,43
2831,24
2832,102
2833,92
2834,307
2835,92
2836,272
2837,31
2838,272
2839,218
2840,31
2841,360
2842,246
2843,30
2844,333
2845,148
2846,7
2847,249
2848,135
2849,44
2850,63
2851,51
2852,29
2853,29
2854,240
2855,29
2856,44
2857,158
2858,361
2859,107
2860,4
2861,30
2862,107
2863,30
2864,44
2865,234
2866,21
2867,24
2868,62
2869,56
2870,294
2871,86
2872,362
2873,168
2874,294
2875,294
2876,294
2877,294
2878,297
2879,237
2880,58
2881,297
2882,294
2883,50
2884,29
2885,134
2886,294
2887,44
2888,29
2889,294
2890,44
2891,294
2892,44
2893,44
2894,91
2895,293
2896,29
2897,72
2898,92
2899,10
2900,59
2901,159
2902,31
2903,308
2904,108
2905,295
2906,147
2907,308
2908,44
2909,92
2910,10
2911,50
2912,249
2913,92
2914,363
2915,172
2916,347
2917,364
2918,193
2919,365
2920,329
2921,146
2922,179
2923,89
2924,4
2925,285
2926,50
2927,20
2928,30
2929,179
2930,160
2931,9
2932,107
2933,109
2934,89
2935,230
2936,21
2937,50
2938,9
2939,91
2940,126
2941,98
2942,41
2943,23
2944,41
2945,76
2946,148
2947,366
2948,29
2949,194
2950,41
2951,249
2952,41
2953,115
2954,4
2955,242
2956,86
2957,59
2958,83
2959,24
2960,8
2961,58
2962,35
2963,189
2964,107
2965,148
2966,120
2967,20
2968,8
2969,117
2970,8
2971,8
2972,8
2973,294
2974,70
2975,61
2976,70
2977,70
2978,213
2979,66
2980,51
2981,51
2982,51
2983,37
2984,16
2985,41
2986,367
2987,24
2988,105
2989,47
2990,44
2991,148
2992,20
2993,353
2994,80
2995,88
2996,23
2997,115
2998,168
2999,107
3000,10
3001,44
3002,82
3003,44
3004,44
3005,245
3006,29
3007,20
3008,30
3009,20
3010,154
3011,294
3012,297
3013,12
3014,83
3015,44
3016,160
3017,48
3018,88
3019,241
3020,50
3021,60
3022,297
3023,48
3024,28
3025,4
3026,31
3027,4
3028,66
3029,8
3030,73
3031,107
3032,368
3033,113
3034,159
3035,239
3036,301
3037,148
3038,145
3039,70
3040,50
3041,105
3042,16
3043,334
3044,50
3045,132
3046,332
3047,108
3048,44
3049,30
3050,8
3051,70
3052,92
3053,148
3054,44
3055,179
3056,146
3057,132
3058,48
3059,369
3060,106
3061,8
3062,52
3063,8
3064,275
3065,246
3066,275
3067,133
3068,89
3069,237
3070,303
3071,240
3072,146
3073,342
3074,8
3075,237
3076,316
3077,197
3078,59
3079,50
3080,44
3081,50
3082,24
3083,151
3084,108
3085,151
3086,275
3087,29
3088,246
3089,91
3090,177
3091,30
3092,84
3093,24
3094,108
3095,294
3096,18
3097,318
3098,119
3099,104
3100,24
3101,93
3102,8
3103,8
3104,44
3105,51
3106,21
3107,53
3108,44
3109,37
3110,44
3111,159
3112,214
3113,140
3114,35
3115,370
3116,44
3117,44
3118,12
3119,30
3120,135
3121,135
3122,135
3123,172
3124,135
3125,286
3126,294
3127,137
3128,135
3129,80
3130,74
3131,59
3132,59
3133,56
3134,70
3135,82
3136,70
3137,57
3138,12
3139,52
3140,53
3141,83
3142,122
3143,215
3144,53
3145,111
3146,305
3147,305
3148,23
3149,147
3150,135
3151,147
3152,108
3153,7
3154,107
3155,156
3156,205
3157,93
3158,8
3159,51
3160,51
3161,236
3162,8
3163,217
3164,147
3165,371
3166,31
3167,139
3168,30
3169,59
3170,355
3171,144
3172,355
3173,174
3174,24
3175,31
3176,92
3177,43
3178,30
3179,83
3180,31
3181,288
3182,355
3183,8
3184,355
3185,7
3186,31
3187,40
3188,227
3189,156
3190,53
3191,30
3192,104
3193,108
3194,355
3195,148
3196,196
3197,148
3198,148
3199,107
3200,92
3201,331
3202,31
3203,41
3204,163
3205,351
3206,108
3207,107
3208,8
3209,318
3210,235
3211,86
3212,83
3213,8
3214,114
3215,23
3216,16
3217,8
3218,23
3219,133
3220,5
3221,59
3222,211
3223,273
3224,372
3225,22
3226,7
3227,21
3228,18
3229,10
3230,188
3231,4
3232,203
3233,59
3234,64
3235,23
3236,64
3237,7
3238,66
3239,41
3240,95
3241,35
3242,91
3243,35
3244,35
3245,51
3246,59
3247,4
3248,95
3249,83
3250,35
3251,370
3252,147
3253,129
3254,4
3255,29
3256,207
3257,207
3258,77
3259,35
3260,35
3261,292
3262,4
3263,1
3264,9
3265,86
3266,373
3267,54
3268,45
3269,44
3270,4
3271,4
3272,374
3273,58
3274,375
3275,37
3276,29
3277,44
3278,211
3279,147
3280,5
3281,159
3282,215
3283,51
3284,107
3285,70
3286,92
3287,281
3288,55
3289,280
3290,376
3291,237
3292,55
3293,206
3294,58
3295,23
3296,82
3297,26
3298,82
3299,377
3300,8
3301,58
3302,215
3303,151
3304,187
3305,30
3306,298
3307,46
3308,7
3309,7
3310,230
3311,377
3312,12
3313,375
3314,65
3315,196
3316,106
3317,55
3318,171
3319,355
3320,92
3321,141
3322,104
3323,378
3324,21
3325,33
3326,1
3327,304
3328,358
3329,106
3330,304
3331,50
3332,192
3333,28
3334,21
3335,358
3336,52
3337,370
3338,74
3339,304
3340,23
3341,223
3342,53
3343,379
3344,304
3345,107
3346,44
3347,73
3348,33
3349,8
3350,105
3351,30
3352,35
3353,89
3354,301
3355,48
3356,44
3357,44
3358,134
3359,380
3360,10
3361,29
3362,4
3363,8
3364,11
3365,29
3366,182
3367,6
3368,73
3369,44
3370,263
3371,73
3372,278
3373,249
3374,148
3375,102
3376,208
3377,21
3378,102
3379,249
3380,86
3381,381
3382,182
3383,41
3384,56
3385,382
3386,102
3387,100
3388,249
3389,236
3390,249
3391,203
3392,23
3393,6
3394,24
3395,28
3396,41
3397,26
3398,383
3399,64
3400,6
3401,103
3402,201
3403,20
3404,177
3405,318
3406,194
3407,185
3408,51
3409,101
3410,28
3411,35
3412,384
3413,30
3414,76
3415,22
3416,80
3417,41
3418,154
3419,272
3420,104
3421,31
3422,35
3423,59
3424,86
3425,340
3426,7
3427,7
3428,385
3429,386
3430,23
3431,59
3432,8
3433,44
3434,387
3435,8
3436,8
3437,43
3438,26
3439,50
3440,119
3441,44
3442,95
3443,117
3444,8
3445,8
3446,44
3447,175
3448,8
3449,275
3450,107
3451,107
3452,23
3453,361
3454,44
3455,52
3456,196
3457,8
3458,74
3459,95
3460,44
3461,44
3462,33
3463,44
3464,44
3465,61
3466,44
3467,50
3468,358
3469,156
3470,181
3471,176
3472,5
3473,145
3474,298
3475,5
3476,122
3477,141
3478,215
3479,44
3480,35
3481,107
3482,120
3483,147
3484,147
3485,298
3486,249
3487,142
3488,22
3489,86
3490,72
3491,51
3492,105
3493,119
3494,235
3495,50
3496,115
3497,50
3498,85
3499,41
3500,147
3501,148
3502,111
3503,8
3504,200
3505,53
3506,24
3507,48
3508,164
3509,24
3510,4
3511,83
3512,116
3513,264
3514,41
3515,23
3516,13
3517,38
3518,21
3519,10
3520,51
3521,4
3522,209
3523,337
3524,275
3525,227
3526,388
3527,24
3528,132
3529,216
3530,209
3531,190
3532,361
3533,23
3534,8
3535,50
3536,30
3537,154
3538,8
3539,179
3540,251
3541,117
3542,28
3543,283
3544,21
3545,41
3546,40
3547,8
3548,53
3549,51
3550,316
3551,83
3552,16
3553,21
3554,41
3555,47
3556,187
3557,16
3558,16
3559,148
3560,189
3561,175
3562,273
3563,162
3564,28
3565,201
3566,51
3567,53
3568,8
3569,283
3570,23
3571,14
3572,18
3573,23
3574,205
3575,63
3576,389
3577,320
3578,8
3579,50
3580,147
3581,35
3582,10
3583,390
3584,51
3585,31
3586,298
3587,83
3588,41
3589,4
3590,244
3591,8
3592,275
3593,24
3594,13
3595,29
3596,226
3597,141
3598,286
3599,7
3600,102
3601,16
3602,249
3603,21
3604,391
3605,11
3606,56
3607,4
3608,287
3609,179
3610,127
3611,54
3612,23
3613,392
3614,180
3615,133
3616,179
3617,147
3618,57
3619,127
3620,44
3621,166
3622,92
3623,214
3624,13
3625,53
3626,70
3627,277
3628,61
3629,50
3630,107
3631,50
3632,44
3633,72
3634,104
3635,211
3636,45
3637,41
3638,310
3639,17
3640,51
3641,83
3642,46
3643,223
3644,305
3645,324
3646,133
3647,91
3648,254
3649,50
3650,8
3651,238
3652,199
3653,72
3654,41
3655,53
3656,214
3657,83
3658,83
3659,202
3660,393
3661,41
3662,214
3663,41
3664,200
3665,8
3666,8
3667,44
3668,44
3669,44
3670,92
3671,150
3672,44
3673,44
3674,44
3675,44
3676,44
3677,44
3678,44
3679,44
3680,44
3681,44
3682,91
3683,92
3684,8
3685,141
3686,11
3687,7
3688,10
3689,147
3690,92
3691,209
3692,89
3693,83
3694,215
3695,135
3696,135
3697,107
3698,135
3699,135
3700,135
3701,135
3702,135
3703,135
3704,135
3705,135
3706,135
3707,139
3708,135
3709,135
3710,135
3711,107
3712,135
3713,135
3714,305
3715,44
3716,30
3717,44
3718,148
3719,44
3720,44
3721,44
3722,23
3723,21
3724,20
3725,44
3726,119
3727,294
3728,21
3729,21
3730,21
3731,87
3732,239
3733,12
3734,7
3735,48
3736,61
3737,301
3738,53
3739,181
3740,154
3741,72
3742,44
3743,253
3744,147
3745,370
3746,54
3747,200
3748,129
3749,115
3750,21
3751,170
3752,54
3753,20
3754,370
3755,8
3756,50
3757,35
3758,119
3759,54
3760,44
3761,44
3762,44
3763,34
3764,44
3765,47
3766,47
3767,95
3768,321
3769,44
3770,44
3771,283
3772,24
3773,58
3774,64
3775,12
3776,64
3777,24
3778,58
3779,64
3780,24
3781,44
3782,156
3783,215
3784,58
3785,374
3786,24
3787,88
3788,24
3789,121
3790,72
3791,221
3792,16
3793,70
3794,8
3795,16
3796,139
3797,106
3798,226
3799,246
3800,159
3801,6
3802,12
3803,44
3804,20
3805,114
3806,55
3807,44
3808,305
3809,92
3810,279
3811,201
3812,88
3813,54
3814,54
3815,41
3816,49
3817,21
3818,179
3819,22
3820,28
3821,30
3822,8
3823,139
3824,18
3825,179
3826,55
3827,166
3828,361
3829,114
3830,191
3831,30
3832,90
3833,90
3834,92
3835,256
3836,303
3837,394
3838,41
3839,18
3840,113
3841,218
3842,120
3843,107
3844,58
3845,73
3846,72
3847,318
3848,51
3849,51
3850,30
3851,70
3852,227
3853,395
3854,24
3855,74
3856,30
3857,192
3858,215
3859,9
3860,34
3861,241
3862,70
3863,50
3864,50
3865,365
3866,106
3867,44
3868,114
3869,120
3870,31
3871,163
3872,64
3873,114
3874,133
3875,44
3876,44
3877,211
3878,63
3879,20
3880,133
3881,207
3882,207
3883,58
3884,51
3885,124
3886,58
3887,21
3888,186
3889,58
3890,20
3891,396
3892,21
3893,24
3894,44
3895,44
3896,69
3897,124
3898,69
3899,287
3900,29
3901,397
3902,122
3903,67
3904,39
3905,64
3906,12
3907,24
3908,16
3909,41
3910,151
3911,24
3912,12
3913,47
3914,41
3915,4
3916,227
3917,206
3918,249
3919,22
3920,7
3921,83
3922,41
3923,16
3924,398
3925,30
3926,399
3927,3
3928,30
3929,50
3930,211
3931,16
3932,22
3933,173
3934,54
3935,133
3936,30
3937,30
3938,54
3939,68
3940,199
3941,44
3942,8
3943,86
3944,36
3945,22
3946,179
3947,21
3948,107
3949,159
3950,73
3951,89
3952,91
3953,105
3954,12
3955,159
3956,44
3957,251
3958,35
3959,114
3960,86
3961,82
3962,23
3963,50
3964,369
3965,70
3966,50
3967,8
3968,369
3969,237
3970,20
3971,107
3972,96
3973,70
3974,48
3975,24
3976,393
3977,292
3978,400
3979,44
3980,50
3981,168
3982,44
3983,44
3984,112
3985,44
3986,221
3987,44
3988,44
3989,44
3990,362
3991,44
3992,112
3993,401
3994,352
3995,45
3996,58
3997,12
3998,199
3999,70
4000,46
4001,48
4002,124
4003,73
4004,30
4005,50
4006,50
4007,44
4008,20
4009,44
4010,61
4011,8
4012,105
4013,402
4014,48
4015,200
4016,29
4017,107
4018,58
4019,86
4020,4
4021,50
4022,50
4023,61
4024,30
4025,8
4026,20
4027,61
4028,107
4029,8
4030,107
4031,226
4032,50
4033,51
4034,21
4035,50
4036,107
4037,233
4038,107
4039,107
4040,9
4041,83
4042,143
4043,215
4044,6
4045,8
4046,59
4047,147
4048,228
4049,88
4050,102
4051,403
4052,143
4053,16
4054,203
4055,98
4056,28
4057,41
4058,31
4059,9
4060,29
4061,16
4062,86
4063,86
4064,182
4065,112
4066,25
4067,58
4068,61
4069,148
4070,10
4071,10
4072,4
4073,394
4074,8
4075,22
4076,51
4077,4
4078,24
4079,202
4080,48
4081,13
4082,8
4083,45
4084,120
4085,66
4086,140
4087,152
4088,295
4089,171
4090,31
4091,165
4092,89
4093,85
4094,28
4095,85
4096,157
4097,114
4098,54
4099,162
4100,23
4101,88
4102,4
4103,10
4104,107
4105,58
4106,29
4107,35
4108,85
4109,24
4110,231
4111,83
4112,83
4113,58
4114,218
4115,58
4116,256
4117,48
4118,394
4119,199
4120,91
4121,8
4122,114
4123,133
4124,108
4125,215
4126,108
4127,8
4128,22
4129,24
4130,385
4131,24
4132,404
4133,107
4134,50
4135,18
4136,91
4137,200
4138,220
4139,33
4140,23
4141,33
4142,207
4143,31
4144,237
4145,8
4146,59
4147,324
4148,41
4149,10
4150,23
4151,150
4152,98
4153,107
4154,230
4155,170
4156,344
4157,129
4158,92
4159,112
4160,182
4161,125
4162,28
4163,353
4164,147
4165,331
4166,144
4167,132
4168,58
4169,207
4170,22
4171,30
4172,72
4173,121
4174,12
4175,21
4176,147
4177,6
4178,56
4179,102
4180,12
4181,148
4182,156
4183,398
4184,41
4185,241
4186,342
4187,405
4188,148
4189,72
4190,18
4191,10
4192,393
4193,24
4194,203
4195,28
4196,133
4197,12
4198,58
4199,1
4200,33
4201,23
4202,143
4203,8
4204,7
4205,10
4206,70
4207,207
4208,23
4209,20
4210,83
4211,8
4212,121
4213,318
4214,23
4215,100
4216,371
4217,58
4218,10
4219,272
4220,201
4221,302
4222,8
4223,8
4224,108
4225,30
4226,33
4227,5
4228,266
4229,83
4230,163
4231,406
4232,287
4233,98
4234,407
4235,23
4236,6
4237,23
4238,85
4239,15
4240,121
4241,230
4242,64
4243,16
4244,408
4245,54
4246,282
4247,200
4248,156
4249,370
4250,10
4251,44
4252,87
4253,115
4254,206
4255,241
4256,34
4257,147
4258,7
4259,22
4260,121
4261,83
4262,232
4263,26
4264,9
4265,9
4266,233
4267,12
4268,147
4269,4
4270,361
4271,361
4272,361
4273,86
4274,236
4275,361
4276,31
4277,51
4278,231
4279,279
4280,4
4281,18
4282,51
4283,231
4284,132
4285,132
4286,21
4287,201
4288,41
4289,102
4290,83
4291,220
4292,5
4293,21
4294,194
4295,380
4296,51
4297,41
4298,166
4299,318
4300,104
4301,48
4302,16
4303,41
4304,59
4305,144
4306,126
4307,70
4308,108
4309,409
4310,139
4311,135
4312,135
4313,409
4314,86
4315,7
4316,8
4317,121
4318,179
4319,159
4320,64
4321,31
4322,44
4323,6
4324,199
4325,1
4326,22
4327,21
4328,122
4329,23
4330,23
4331,128
4332,72
4333,8
4334,34
4335,31
4336,10
4337,8
4338,8
4339,220
4340,26
4341,194
4342,10
4343,21
4344,179
4345,249
4346,91
4347,194
4348,195
4349,2
4350,23
4351,23
4352,139
4353,54
4354,51
4355,34
4356,194
4357,44
4358,20
4359,54
4360,18
4361,104
4362,410
4363,44
4364,170
4365,170
4366,35
4367,158
4368,2
4369,10
4370,52
4371,83
4372,143
4373,44
4374,305
4375,273
4376,207
4377,72
4378,171
4379,207
4380,18
4381,318
4382,41
4383,31
4384,266
4385,220
4386,106
4387,59
4388,43
4389,22
4390,102
4391,6
4392,108
4393,53
4394,16
4395,72
4396,411
4397,3
4398,301
4399,78
4400,31
4401,175
4402,58
4403,10
4404,16
4405,412
4406,298
4407,91
4408,104
4409,70
4410,75
4411,70
4412,31
4413,31
4414,208
4415,4
4416,122
4417,23
4418,186
4419,179
4420,178
4421,4
4422,412
4423,147
4424,199
4425,88
4426,199
4427,88
4428,57
4429,9
4430,35
4431,23
4432,21
4433,44
4434,247
4435,133
4436,403
4437,133
4438,21
4439,196
4440,103
4441,52
4442,57
4443,178
4444,44
4445,65
4446,29
4447,124
4448,21
4449,7
4450,178
4451,5
4452,191
4453,101
4454,60
4455,39
4456,278
4457,12
4458,203
4459,70
4460,20
4461,31
4462,8
4463,44
4464,88
4465,18
4466,8
4467,12
4468,4
4469,58
4470,215
4471,185
4472,41
4473,12
4474,390
4475,156
4476,31
4477,86
4478,76
4479,206
4480,22
4481,71
4482,141
4483,8
4484,115
4485,53
4486,51
4487,51
4488,108
4489,186
4490,90
4491,23
4492,171
4493,28
4494,378
4495,51
4496,22
4497,44
4498,46
4499,44
4500,12
4501,203
4502,28
4503,127
4504,51
4505,9
4506,211
4507,413
4508,63
4509,174
4510,50
4511,53
4512,181
4513,277
4514,124
4515,156
4516,44
4517,57
4518,187
4519,70
4520,141
4521,58
4522,147
4523,182
4524,12
4525,106
4526,135
4527,44
4528,72
4529,44
4530,241
4531,8
4532,8
4533,129
4534,8
4535,4
4536,34
4537,63
4538,21
4539,44
4540,57
4541,100
4542,414
4543,325
4544,132
4545,54
4546,160
4547,8
4548,30
4549,237
4550,41
4551,199
4552,156
4553,199
4554,59
4555,106
4556,120
4557,53
4558,134
4559,31
4560,8
4561,159
4562,147
4563,147
4564,159
4565,207
4566,66
4567,120
4568,104
4569,8
4570,48
4571,105
4572,215
4573,301
4574,324
4575,53
4576,223
4577,54
4578,38
4579,8
4580,415
4581,236
4582,73
4583,365
4584,64
4585,266
4586,173
4587,8
4588,91
4589,266
4590,93
4591,50
4592,50
4593,8
4594,53
4595,31
4596,91
4597,217
4598,30
4599,105
4600,98
4601,44
4602,416
4603,8
4604,254
4605,8
4606,80
4607,305
4608,44
4609,24
4610,107
4611,13
4612,108
4613,35
4614,83
4615,132
4616,59
4617,8
4618,53
4619,140
4620,17
4621,91
4622,221
4623,273
4624,165
4625,347
4626,417
4627,51
4628,91
4629,8
4630,29
4631,83
4632,133
4633,181
4634,24
4635,108
4636,75
4637,13
4638,44
4639,193
4640,57
4641,178
4642,241
4643,143
4644,418
4645,8
4646,30
4647,107
4648,88
4649,31
4650,100
4651,35
4652,108
4653,51
4654,135
4655,241
4656,86
4657,24
4658,108
4659,8
4660,140
4661,8
4662,8
4663,305
4664,83
4665,45
4666,93
4667,419
4668,82
4669,199
4670,106
4671,82
4672,160
4673,70
4674,253
4675,29
4676,29
4677,8
4678,373
4679,23
4680,8
4681,8
4682,73
4683,105
4684,148
4685,3
4686,231
4687,106
4688,50
4689,147
4690,54
4691,106
4692,194
4693,133
4694,350
4695,18
4696,183
4697,303
4698,205
4699,303
4700,30
4701,50
4702,23
4703,70
4704,147
4705,160
4706,88
4707,237
4708,85
4709,108
4710,94
4711,215
4712,231
4713,104
4714,53
4715,23
4716,50
4717,58
4718,108
4719,24
4720,8
4721,44
4722,9
4723,4
4724,154
4725,51
4726,50
4727,2
4728,8
4729,407
4730,114
4731,12
4732,65
4733,240
4734,50
4735,68
4736,24
4737,62
4738,88
4739,204
4740,133
4741,133
4742,53
4743,128
4744,54
4745,117
4746,23
4747,34
4748,246
4749,316
4750,44
4751,135
4752,107
4753,50
4754,44
4755,44
4756,70
4757,139
4758,44
4759,92
4760,61
4761,5
4762,120
4763,56
4764,50
4765,29
4766,51
4767,35
4768,44
4769,6
4770,50
4771,128
4772,232
4773,44
4774,8
4775,364
4776,147
4777,182
4778,53
4779,131
4780,8
4781,209
4782,51
4783,5
4784,108
4785,209
4786,107
4787,92
4788,331
4789,63
4790,108
4791,355
4792,268
4793,410
4794,172
4795,177
4796,177
4797,107
4798,148
4799,108
4800,22
4801,59
4802,177
4803,28
4804,22
4805,4
4806,256
4807,91
4808,30
4809,33
4810,344
4811,279
4812,21
4813,420
4814,16
4815,421
4816,17
4817,91
4818,221
4819,23
4820,422
4821,340
4822,209
4823,211
4824,58
4825,201
4826,208
4827,104
4828,423
4829,22
4830,24
4831,7
4832,249
4833,86
4834,8
4835,406
4836,41
4837,104
4838,8
4839,8
4840,8
4841,74
4842,111
4843,406
4844,50
4845,111
4846,160
4847,143
4848,182
4849,108
4850,41
4851,143
4852,8
4853,202
4854,58
4855,41
4856,47
4857,8
4858,13
4859,178
4860,103
4861,83
4862,207
4863,106
4864,121
4865,132
4866,194
4867,35
4868,335
4869,151
4870,12
4871,121
4872,246
4873,83
4874,355
4875,16
4876,219
4877,266
4878,215
4879,191
4880,241
4881,133
4882,159
4883,142
4884,36
4885,93
4886,424
4887,8
4888,23
4889,44
4890,108
4891,60
4892,6
4893,24
4894,21
4895,5
4896,71
4897,24
4898,61
4899,59
4900,147
4901,147
4902,58
4903,86
4904,4
4905,147
4906,4
4907,221
4908,255
4909,16
4910,29
4911,73
4912,108
4913,18
4914,50
4915,237
4916,142
4917,91
4918,94
4919,11
4920,126
4921,29
4922,221
4923,50
4924,50
4925,50
4926,69
4927,360
4928,8
4929,47
4930,29
4931,6
4932,83
4933,243
4934,301
4935,301
4936,53
4937,229
4938,148
4939,53
4940,168
4941,194
4942,122
4943,23
4944,23
4945,44
4946,115
4947,8
4948,84
4949,8
4950,134
4951,133
4952,79
4953,30
4954,29
4955,107
4956,45
4957,45
4958,83
4959,305
4960,120
4961,23
4962,8
4963,14
4964,21
4965,35
4966,133
4967,66
4968,287
4969,133
4970,30
4971,382
4972,48
4973,10
4974,425
4975,8
4976,8
4977,10
4978,263
4979,145
4980,13
4981,31
4982,339
4983,54
4984,407
4985,84
4986,140
4987,76
4988,9
4989,385
4990,133
4991,79
4992,107
4993,231
4994,121
4995,231
4996,6
4997,88
4998,43
4999,236
5000,103
5001,231
5002,92
5003,54
5004,12
5005,74
5006,20
5007,10
5008,305
5009,99
5010,10
5011,23
5012,135
5013,44
5014,186
5015,207
5016,80
5017,200
5018,33
5019,301
5020,207
5021,30
5022,8
5023,108
5024,31
5025,104
5026,44
5027,95
5028,59
5029,156
5030,63
5031,179
5032,23
5033,120
5034,179
5035,107
5036,114
5037,23
5038,133
5039,18
5040,48
5041,194
5042,48
5043,380
5044,50
5045,221
5046,73
5047,121
5048,88
5049,75
5050,194
5051,194
5052,426
5053,86
5054,8
5055,102
5056,48
5057,427
5058,100
5059,44
5060,428
5061,6
5062,35
5063,54
5064,365
5065,154
5066,24
5067,24
5068,263
5069,246
5070,32
5071,23
5072,23
5073,108
5074,54
5075,49
5076,83
5077,52
5078,58
5079,58
5080,33
5081,201
5082,8
5083,92
5084,48
5085,84
5086,44
5087,124
5088,29
5089,231
5090,211
5091,50
5092,30
5093,108
5094,89
5095,21
5096,233
5097,44
5098,70
5099,58
5100,88
5101,51
5102,30
5103,23
5104,188
5105,141
5106,72
5107,182
5108,24
5109,30
5110,91
5111,44
5112,200
5113,12
5114,8
5115,50
5116,20
5117,2
5118,215
5119,8
5120,163
5121,65
5122,44
5123,44
5124,44
5125,414
5126,167
5127,50
5128,45
5129,50
5130,120
5131,154
5132,127
5133,72
5134,24
5135,88
5136,6
5137,22
5138,76
5139,35
5140,100
5141,320
5142,92
5143,92
5144,355
5145,126
5146,134
5147,48
5148,23
5149,41
5150,12
5151,139
5152,44
5153,183
5154,92
5155,192
5156,192
5157,72
5158,29
5159,126
5160,207
5161,339
5162,219
5163,65
5164,141
5165,44
5166,44
5167,44
5168,72
5169,36
5170,156
5171,36
5172,46
5173,44
5174,295
5175,102
5176,157
5177,92
5178,308
5179,159
5180,154
5181,9
5182,44
5183,102
5184,154
5185,30
5186,44
5187,303
5188,128
5189,266
5190,8
5191,54
5192,58
5193,284
5194,87
5195,128
5196,18
5197,303
5198,108
5199,50
5200,35
5201,8
5202,141
5203,284
5204,82
5205,44
5206,51
5207,121
5208,8
5209,107
5210,302
5211,122
5212,8
5213,200
5214,61
5215,30
5216,8
5217,104
5218,318
5219,55
5220,4
5221,107
5222,83
5223,35
5224,29
5225,254
5226,108
5227,108
5228,35
5229,215
5230,8
5231,8
5232,53
5233,44
5234,93
5235,54
5236,83
5237,20
5238,72
5239,299
5240,215
5241,89
5242,44
5243,8
5244,44
5245,8
5246,44
5247,196
5248,41
5249,4
5250,8
5251,268
5252,41
5253,304
5254,108
5255,44
5256,4
5257,280
5258,70
5259,148
5260,21
5261,22
5262,121
5263,121
5264,121
5265,23
5266,100
5267,100
5268,278
5269,429
5270,12
5271,75
5272,31
5273,8
5274,430
5275,24
5276,289
5277,333
5278,34
5279,102
5280,92
5281,11
5282,46
5283,207
5284,64
5285,179
5286,168
5287,126
5288,35
5289,431
5290,168
5291,45
5292,16
5293,22
5294,61
5295,83
5296,54
5297,56
5298,86
5299,88
5300,31
5301,145
5302,215
5303,124
5304,12
5305,22
5306,35
5307,211
5308,17
5309,273
5310,12
5311,148
5312,56
5313,384
5314,17
5315,31
5316,95
5317,41
5318,203
5319,107
5320,299
5321,91
5322,351
5323,44
5324,159
5325,432
5326,115
5327,35
5328,432
5329,8
5330,11
5331,58
5332,22
5333,86
5334,73
5335,143
5336,24
5337,22
5338,8
5339,219
5340,231
5341,136
5342,13
5343,44
5344,44
5345,16
5346,398
5347,4
5348,86
5349,208
5350,86
5351,8
5352,44
5353,58
5354,44
5355,51
5356,132
5357,433
5358,16
5359,141
5360,1
5361,133
5362,23
5363,143
5364,8
5365,16
5366,100
5367,434
5368,100
5369,71
5370,4
5371,41
5372,6
5373,58
5374,182
5375,83
5376,171
5377,66
5378,163
5379,4
5380,59
5381,48
5382,133
5383,83
5384,30
5385,16
5386,91
5387,133
5388,47
5389,72
5390,108
5391,54
5392,7
5393,231
5394,23
5395,172
5396,8
5397,107
5398,83
5399,159
5400,133
5401,106
5402,194
5403,41
5404,145
5405,31
5406,435
5407,275
5408,92
5409,58
5410,22
5411,4
5412,86
5413,64
5414,83
5415,106
5416,106
5417,7
5418,436
5419,207
5420,4
5421,54
5422,129
5423,305
5424,58
5425,45
5426,58
5427,241
5428,23
5429,148
5430,275
5431,23
5432,8
5433,140
5434,174
5435,16
5436,50
5437,29
5438,51
5439,159
5440,289
5441,269
5442,72
5443,330
5444,92
5445,197
5446,168
5447,205
5448,186
5449,301
5450,321
5451,171
5452,171
5453,132
5454,144
5455,171
5456,144
5457,286
5458,113
5459,144
5460,31
5461,221
5462,83
5463,194
5464,50
5465,203
5466,86
5467,35
5468,106
5469,245
5470,24
5471,122
5472,143
5473,91
5474,24
5475,303
5476,83
5477,70
5478,41
5479,59
5480,88
5481,41
5482,146
5483,237
5484,115
5485,50
5486,104
5487,8
5488,53
5489,54
5490,119
5491,44
5492,44
5493,202
5494,404
5495,8
5496,126
5497,8
5498,56
5499,92
5500,53
5501,53
5502,214
5503,44
5504,8
5505,231
5506,287
5507,11
5508,8
5509,44
5510,8
5511,437
5512,8
5513,7
5514,355
5515,53
5516,28
5517,438
5518,56
5519,64
5520,56
5521,56
5522,56
5523,17
5524,18
5525,54
5526,200
5527,236
5528,56
5529,148
5530,107
5531,355
5532,226
5533,42
5534,8
5535,439
5536,24
5537,369
5538,30
5539,268
5540,355
5541,432
5542,53
5543,54
5544,8
5545,91
5546,31
5547,45
5548,59
5549,75
5550,1
5551,303
5552,440
5553,21
5554,148
5555,44
5556,29
5557,16
5558,30
5559,5
5560,22
5561,147
5562,135
5563,96
5564,193
5565,231
5566,89
5567,54
5568,207
5569,67
5570,134
5571,59
5572,207
5573,44
5574,8
5575,1
5576,107
5577,86
5578,114
5579,120
5580,91
5581,91
5582,31
5583,73
5584,88
5585,91
5586,91
5587,91
5588,70
5589,64
5590,215
5591,163
5592,63
5593,229
5594,221
5595,72
5596,108
5597,86
5598,10
5599,57
5600,44
5601,44
5602,159
5603,44
5604,54
5605,151
5606,231
5607,273
5608,133
5609,160
5610,16
5611,50
5612,223
5613,278
5614,76
5615,143
5616,88
5617,44
5618,8
5619,8
5620,235
5621,26
5622,34
5623,16
5624,57
5625,8
5626,245
5627,41
5628,30
5629,8
5630,64
5631,70
5632,154
5633,8
5634,305
5635,215
5636,200
5637,245
5638,132
5639,46
5640,272
5641,51
5642,215
5643,214
5644,226
5645,287
5646,151
5647,100
5648,83
5649,48
5650,380
5651,73
5652,35
5653,48
5654,22
5655,83
5656,91
5657,48
5658,8
5659,253
5660,26
5661,44
5662,44
5663,30
5664,106
5665,34
5666,33
5667,207
5668,120
5669,120
5670,7
5671,8
5672,8
5673,8
5674,8
5675,23
5676,152
5677,214
5678,8
5679,152
5680,21
5681,8
5682,8
5683,83
5684,335
5685,103
5686,23
5687,103
5688,10
5689,133
5690,441
5691,182
5692,63
5693,26
5694,54
5695,8
5696,89
5697,179
5698,8
5699,95
5700,8
5701,8
5702,273
5703,199
5704,154
5705,44
5706,186
5707,254
5708,50
5709,48
5710,12
5711,8
5712,24
5713,4
5714,58
5715,44
5716,54
5717,425
5718,117
5719,12
5720,30
5721,44
5722,442
5723,164
5724,106
5725,241
5726,8
5727,439
5728,235
5729,316
5730,59
5731,235
5732,8
5733,83
5734,305
5735,116
5736,18
5737,331
5738,31
5739,107
5740,186
5741,186
5742,20
5743,51
5744,80
5745,139
5746,135
5747,92
5748,298
5749,58
5750,58
5751,83
5752,443
5753,443
5754,443
5755,27
5756,157
5757,31
5758,88
5759,92
5760,23
5761,408
5762,236
5763,29
5764,30
5765,305
5766,89
5767,88
5768,58
5769,8
5770,8
5771,53
5772,8
5773,83
5774,9
5775,8
5776,107
5777,59
5778,215
5779,344
5780,137
5781,226
5782,92
5783,325
5784,108
5785,108
5786,215
5787,159
5788,395
5789,83
5790,44
5791,305
5792,58
5793,50
5794,305
5795,46
5796,107
5797,108
5798,45
5799,70
5800,44
5801,22
5802,12
5803,107
5804,20
5805,23
5806,78
5807,6
5808,24
5809,6
5810,54
5811,30
5812,144
5813,22
5814,206
5815,444
5816,8
5817,214
5818,8
5819,152
5820,108
5821,111
5822,150
5823,184
5824,29
5825,8
5826,8
5827,88
5828,50
5829,44
5830,108
5831,6
5832,50
5833,8
5834,8
5835,409
5836,44
5837,107
5838,117
5839,133
5840,133
5841,119
5842,200
5843,44
5844,8
5845,406
5846,77
5847,86
5848,16
5849,44
5850,59
5851,41
5852,64
5853,133
5854,48
5855,302
5856,23
5857,23
5858,98
5859,107
5860,273
5861,201
5862,305
5863,445
5864,133
5865,151
5866,91
5867,31
5868,333
5869,182
5870,21
5871,114
5872,26
5873,143
5874,16
5875,44
5876,92
5877,101
5878,147
5879,147
5880,394
5881,28
5882,50
5883,112
5884,86
5885,86
5886,28
5887,4
5888,83
5889,163
5890,8
5891,48
5892,23
5893,92
5894,92
5895,8
5896,107
5897,66
5898,8
5899,2
5900,148
5901,92
5902,135
5903,156
5904,141
5905,446
5906,151
5907,8
5908,114
5909,5
5910,141
5911,41
5912,59
5913,54
5914,107
5915,307
5916,107
5917,447
5918,26
5919,329
5920,246
5921,36
5922,266
5923,36
5924,107
5925,132
5926,320
5927,442
5928,205
5929,321
5930,128
5931,318
5932,193
5933,216
5934,222
5935,8
5936,115
5937,442
5938,335
5939,4
5940,33
5941,92
5942,8
5943,294
5944,264
5945,92
5946,4
5947,249
5948,12
5949,31
5950,31
5951,8
5952,315
5953,159
5954,13
5955,59
5956,15
5957,92
5958,448
5959,48
5960,321
5961,334
5962,335
5963,449
5964,107
5965,307
5966,268
5967,45
5968,120
5969,132
5970,171
5971,226
5972,320
5973,80
5974,31
5975,53
5976,24
5977,148
5978,59
5979,11
5980,41
5981,137
5982,174
5983,450
5984,177
5985,188
5986,116
5987,132
5988,59
5989,74
5990,80
5991,44
5992,50
5993,235
5994,134
5995,294
5996,315
5997,50
5998,305
5999,54
6000,104
6001,83
6002,237
6003,298
6004,26
6005,105
6006,112
6007,319
6008,30
6009,50
6010,73
6011,141
6012,73
6013,58
6014,20
6015,186
6016,44
6017,132
6018,66
6019,266
6020,93
6021,53
6022,16
6023,51
6024,30
6025,72
6026,8
6027,8
6028,8
6029,141
6030,93
6031,128
6032,50
6033,8
6034,1
6035,6
6036,83
6037,70
6038,44
6039,148
6040,32
6041,12
6042,30
6043,23
6044,44
6045,44
6046,51
6047,30
6048,53
6049,12
6050,73
6051,242
6052,64
6053,234
6054,33
6055,191
6056,4
6057,70
6058,154
6059,12
6060,12
6061,59
6062,163
6063,53
6064,13
6065,90
6066,209
6067,58
6068,83
6069,107
6070,303
6071,55
6072,374
6073,4
6074,207
6075,9
6076,30
6077,18
6078,344
6079,53
6080,298
6081,154
6082,161
6083,54
6084,236
6085,28
6086,451
6087,104
6088,170
6089,241
6090,12
6091,115
6092,50
6093,50
6094,452
6095,275
6096,424
6097,107
6098,21
6099,108
6100,28
6101,44
6102,107
6103,121
6104,91
6105,159
6106,89
6107,164
6108,63
6109,64
6110,199
6111,194
6112,44
6113,44
6114,107
6115,44
6116,8
6117,150
6118,107
6119,135
6120,120
6121,50
6122,115
6123,73
6124,243
6125,53
6126,159
6127,254
6128,83
6129,46
6130,44
6131,126
6132,17
6133,54
6134,50
6135,373
6136,100
6137,272
6138,126
6139,113
6140,112
6141,84
6142,30
6143,72
6144,216
6145,113
6146,332
6147,108
6148,16
6149,6
6150,70
6151,48
6152,132
6153,8
6154,50
6155,194
6156,132
6157,272
6158,4
6159,8
6160,30
6161,104
6162,275
6163,30
6164,24
6165,50
6166,24
6167,8
6168,132
6169,8
6170,286
6171,44
6172,272
6173,83
6174,113
6175,191
6176,16
6177,128
6178,74
6179,34
6180,50
6181,31
6182,8
6183,123
6184,128
6185,83
6186,34
6187,46
6188,8
6189,231
6190,112
6191,307
6192,254
6193,108
6194,132
6195,143
6196,71
6197,159
6198,89
6199,16
6200,135
6201,286
6202,143
6203,48
6204,58
6205,91
6206,340
6207,108
6208,54
6209,151
6210,104
6211,47
6212,73
6213,70
6214,89
6215,196
6216,237
6217,44
6218,266
6219,44
6220,237
6221,44
6222,44
6223,12
6224,136
6225,73
6226,70
6227,26
6228,50
6229,453
6230,167
6231,286
6232,65
6233,41
6234,8
6235,31
6236,74
6237,297
6238,85
6239,321
6240,321
6241,454
6242,102
6243,215
6244,112
6245,58
6246,41
6247,182
6248,44
6249,305
6250,64
6251,17
6252,72
6253,132
6254,93
6255,121
6256,4
6257,64
6258,236
6259,112
6260,135
6261,105
6262,107
6263,8
6264,8
6265,128
6266,261
6267,8
6268,41
6269,44
6270,246
6271,141
6272,8
6273,8
6274,47
6275,7
6276,59
6277,44
6278,104
6279,91
6280,147
6281,92
6282,8
6283,70
6284,58
6285,44
6286,318
6287,172
6288,16
6289,236
6290,58
6291,111
6292,1
6293,273
6294,139
6295,135
6296,308
6297,178
6298,58
6299,301
6300,29
6301,159
6302,72
6303,107
6304,215
6305,50
6306,455
6307,303
6308,133
6309,163
6310,8
6311,8
6312,44
6313,107
6314,48
6315,132
6316,51
6317,8
6318,79
6319,163
6320,108
6321,145
6322,58
6323,275
6324,96
6325,328
6326,1
6327,44
6328,141
6329,44
6330,74
6331,364
6332,58
6333,160
6334,254
6335,254
6336,44
6337,83
6338,50
6339,72
6340,8
6341,177
6342,104
6343,107
6344,68
6345,150
6346,318
6347,275
6348,108
6349,339
6350,73
6351,24
6352,22
6353,96
6354,107
6355,275
6356,246
6357,171
6358,456
6359,208
6360,249
6361,44
6362,83
6363,44
6364,192
6365,44
6366,457
6367,88
6368,107
6369,90
6370,16
6371,107
6372,458
6373,132
6374,44
6375,348
6376,63
6377,24
6378,66
6379,23
6380,261
6381,44
6382,44
6383,44
6384,279
6385,112
6386,59
6387,208
6388,102
6389,78
6390,151
6391,44
6392,86
6393,75
6394,172
6395,166
6396,142
6397,23
6398,53
6399,133
6400,333
6401,133
6402,33
6403,65
6404,50
6405,8
6406,30
6407,29
6408,29
6409,108
6410,30
6411,22
6412,91
6413,31
6414,105
6415,73
6416,23
6417,352
6418,122
6419,4
6420,48
6421,26
6422,21
6423,24
6424,133
6425,115
6426,241
6427,8
6428,295
6429,8
6430,44
6431,30
6432,44
6433,33
6434,8
6435,21
6436,18
6437,53
6438,172
6439,62
6440,51
6441,30
6442,192
6443,369
6444,355
6445,47
6446,304
6447,50
6448,50
6449,439
6450,143
6451,133
6452,83
6453,194
6454,243
6455,56
6456,8
6457,53
6458,41
6459,143
6460,44
6461,9
6462,18
6463,268
6464,184
6465,22
6466,107
6467,20
6468,83
6469,12
6470,107
6471,92
6472,22
6473,24
6474,8
6475,61
6476,133
6477,4
6478,16
6479,44
6480,72
6481,120
6482,44
6483,278
6484,101
6485,16
6486,85
6487,106
6488,196
6489,8
6490,4
6491,203
6492,203
6493,221
6494,398
6495,44
6496,4
6497,54
6498,91
6499,96
6500,336
6501,98
6502,10
6503,241
6504,83
6505,143
6506,197
6507,30
6508,86
6509,398
6510,13
6511,104
6512,41
6513,101
6514,10
6515,228
6516,196
6517,44
6518,104
6519,8
6520,50
6521,44
6522,44
6523,214
6524,310
6525,58
6526,58
6527,171
6528,216
6529,154
6530,186
6531,92
6532,58
6533,437
6534,308
6535,272
6536,92
6537,156
6538,179
6539,3
6540,108
6541,262
6542,51
6543,70
6544,8
6545,8
6546,72
6547,221
6548,8
6549,58
6550,83
6551,115
6552,72
6553,50
6554,221
6555,104
6556,7
6557,143
6558,107
6559,102
6560,73
6561,44
6562,197
6563,50
6564,4
6565,30
6566,42
6567,70
6568,91
6569,44
6570,44
6571,268
6572,218
6573,44
6574,294
6575,207
6576,75
6577,59
6578,194
6579,44
6580,159
6581,44
6582,194
6583,132
6584,165
6585,280
6586,92
6587,146
6588,92
6589,44
6590,165
6591,135
6592,144
6593,147
6594,365
6595,4
6596,44
6597,50
6598,148
6599,88
6600,280
6601,53
6602,33
6603,83
6604,179
6605,8
6606,318
6607,107
6608,459
6609,35
6610,50
6611,44
6612,44
6613,44
6614,44
6615,44
6616,200
6617,131
6618,50
6619,256
6620,44
6621,44
6622,86
6623,86
6624,249
6625,460
6626,86
6627,147
6628,44
6629,72
6630,31
6631,50
6632,197
6633,50
6634,22
6635,246
6636,72
6637,9
6638,200
6639,107
6640,193
6641,71
6642,115
6643,148
6644,4
6645,93
6646,4
6647,115
6648,374
6649,13
6650,60
6651,177
6652,143
6653,461
6654,219
6655,54
6656,15
6657,21
6658,391
6659,58
6660,21
6661,215
6662,83
6663,35
6664,58
6665,441
6666,141
6667,196
6668,8
6669,8
6670,44
6671,44
6672,44
6673,133
6674,35
6675,126
6676,1
6677,124
6678,7
6679,91
6680,335
6681,91
6682,8
6683,243
6684,92
6685,44
6686,95
6687,64
6688,230
6689,23
6690,106
6691,106
6692,26
6693,218
6694,64
6695,8
6696,26
6697,272
6698,44
6699,52
6700,56
6701,333
6702,23
6703,39
6704,44
6705,86
6706,4
6707,43
6708,355
6709,203
6710,91
6711,279
6712,179
6713,92
6714,108
6715,119
6716,8
6717,8
6718,459
6719,216
6720,148
6721,39
6722,148
6723,256
6724,216
6725,41
6726,104
6727,226
6728,335
6729,332
6730,442
6731,124
6732,88
6733,41
6734,92
6735,279
6736,186
6737,44
6738,44
6739,71
6740,206
6741,206
6742,54
6743,462
6744,166
6745,44
6746,333
6747,44
6748,72
6749,107
6750,11
6751,215
6752,135
6753,352
6754,174
6755,194
6756,29
6757,114
6758,107
6759,86
6760,307
6761,44
6762,44
6763,92
6764,237
6765,23
6766,23
6767,121
6768,50
6769,107
6770,58
6771,249
6772,249
6773,272
6774,355
6775,101
6776,76
6777,326
6778,290
6779,286
6780,417
6781,58
6782,21
6783,216
6784,58
6785,58
6786,197
6787,23
6788,44
6789,231
6790,44
6791,241
6792,35
6793,133
6794,144
6795,285
6796,442
6797,148
6798,58
6799,159
6800,159
6801,148
6802,54
6803,463
6804,12
6805,229
6806,108
6807,329
6808,100
6809,208
6810,64
6811,200
6812,184
6813,44
6814,21
6815,64
6816,91
6817,107
6818,104
6819,91
6820,8
6821,12
6822,117
6823,163
6824,212
6825,455
6826,66
6827,199
6828,8
6829,72
6830,351
6831,53
6832,47
6833,107
6834,275
6835,44
6836,116
6837,44
6838,8
6839,73
6840,30
6841,107
6842,8
6843,12
6844,12
6845,73
6846,6
6847,58
6848,12
6849,194
6850,254
6851,9
6852,148
6853,321
6854,122
6855,215
6856,62
6857,305
6858,24
6859,10
6860,272
6861,8
6862,44
6863,100
6864,143
6865,102
6866,83
6867,179
6868,71
6869,101
6870,102
6871,39
6872,65
6873,92
6874,8
6875,147
6876,107
6877,44
6878,8
6879,70
6880,50
6881,106
6882,106
6883,287
6884,236
6885,143
6886,6
6887,106
6888,8
6889,130
6890,44
6891,174
6892,113
6893,44
6894,12
6895,70
6896,44
6897,24
6898,135
6899,10
6900,318
6901,113
6902,31
6903,269
6904,173
6905,4
6906,328
6907,216
6908,135
6909,102
6910,143
6911,44
6912,8
6913,12
6914,6
6915,35
6916,152
6917,166
6918,44
6919,92
6920,24
6921,18
6922,107
6923,44
6924,48
6925,239
6926,239
6927,4
6928,29
6929,48
6930,44
6931,50
6932,121
6933,44
6934,44
6935,238
6936,48
6937,171
6938,135
6939,347
6940,44
6941,44
6942,44
6943,70
6944,44
6945,44
6946,44
6947,56
6948,447
6949,44
6950,108
6951,44
6952,256
6953,275
6954,36
6955,24
6956,21
6957,182
6958,70
6959,24
6960,45
6961,221
6962,24
6963,231
6964,141
6965,24
6966,44
6967,352
6968,28
6969,197
6970,6
6971,68
6972,53
6973,191
6974,107
6975,106
6976,51
6977,35
6978,141
6979,142
6980,101
6981,286
6982,113
6983,101
6984,236
6985,86
6986,100
6987,101
6988,9
6989,53
6990,28
6991,9
6992,2
6993,10
6994,52
6995,23
6996,23
6997,61
6998,104
6999,8
7000,151
7001,60
7002,64
7003,24
7004,4
7005,61
7006,29
7007,44
7008,53
7009,44
7010,33
7011,30
7012,187
7013,58
7014,23
7015,70
7016,108
7017,29
7018,464
7019,50
7020,148
7021,29
7022,83
7023,50
7024,231
7025,106
7026,166
7027,145
7028,100
7029,8
7030,8
7031,215
7032,8
7033,8
7034,8
7035,114
7036,29
7037,215
7038,8
7039,76
7040,8
7041,61
7042,23
7043,50
7044,50
7045,5
7046,13
7047,50
7048,120
7049,30
7050,45
7051,22
7052,48
7053,8
7054,8
7055,8
7056,8
7057,50
7058,147
7059,128
7060,120
7061,61
7062,108
7063,50
7064,83
7065,8
7066,21
7067,279
7068,44
7069,159
7070,465
7071,6
7072,8
7073,8
7074,115
7075,120
7076,280
7077,160
7078,44
7079,254
7080,16
7081,216
7082,462
7083,12
7084,304
7085,447
7086,120
7087,168
7088,294
7089,345
7090,58
7091,70
7092,365
7093,44
7094,305
7095,215
7096,44
7097,83
7098,120
7099,1
7100,44
7101,115
7102,44
7103,6
7104,135
7105,12
7106,116
7107,107
7108,122
7109,39
7110,67
7111,86
7112,128
7113,54
7114,44
7115,44
7116,44
7117,44
7118,44
7119,50
7120,219
7121,44
7122,194
7123,44
7124,106
7125,88
7126,108
7127,48
7128,122
7129,6
7130,9
7131,196
7132,208
7133,56
7134,107
7135,50
7136,377
7137,249
7138,249
7139,41
7140,102
7141,215
7142,72
7143,192
7144,50
7145,119
7146,237
7147,66
7148,69
7149,53
7150,76
7151,177
7152,266
7153,20
7154,38
7155,44
7156,369
7157,50
7158,112
7159,8
7160,86
7161,233
7162,241
7163,50
7164,83
7165,70
7166,73
7167,267
7168,148
7169,113
7170,148
7171,44
7172,30
7173,334
7174,107
7175,8
7176,132
7177,54
7178,24
7179,466
7180,44
7181,44
7182,20
7183,44
7184,16
7185,103
7186,56
7187,29
7188,22
7189,101
7190,13
7191,249
7192,70
7193,112
7194,211
7195,447
7196,107
7197,370
7198,187
7199,26
7200,44
7201,8
7202,44
7203,11
7204,152
7205,226
7206,86
7207,305
7208,51
7209,263
7210,147
7211,178
7212,26
7213,44
7214,107
7215,44
7216,199
7217,107
7218,135
7219,141
7220,108
7221,98
7222,107
7223,146
7224,91
7225,58
7226,29
7227,52
7228,44
7229,279
7230,8
7231,4
7232,29
7233,50
7234,44
7235,108
7236,50
7237,50
7238,50
7239,44
7240,140
7241,50
7242,8
7243,44
7244,8
7245,29
7246,50
7247,115
7248,79
7249,143
7250,44
7251,86
7252,8
7253,305
7254,44
7255,44
7256,208
7257,22
7258,4
7259,92
7260,128
7261,24
7262,104
7263,128
7264,194
7265,50
7266,48
7267,167
7268,119
7269,24
7270,143
7271,178
7272,86
7273,44
7274,23
7275,23
7276,231
7277,107
7278,44
7279,8
7280,23
7281,76
7282,231
7283,22
7284,194
7285,139
7286,5
7287,163
7288,8
7289,86
7290,249
7291,382
7292,28
7293,6
7294,249
7295,101
7296,8
7297,44
7298,135
7299,50
7300,248
7301,113
7302,44
7303,467
7304,56
7305,8
7306,29
7307,53
7308,143
7309,235
7310,44
7311,30
7312,227
7313,200
7314,108
7315,108
7316,71
7317,102
7318,61
7319,294
7320,161
7321,66
7322,83
7323,83
7324,215
7325,108
7326,41
7327,6
7328,9
7329,318
7330,114
7331,106
7332,44
7333,54
7334,228
7335,104
7336,83
7337,92
7338,72
7339,31
7340,108
7341,305
7342,252
7343,111
7344,8
7345,404
7346,139
7347,9
7348,50
7349,68
7350,50
7351,108
7352,163
7353,50
7354,121
7355,8
7356,83
7357,24
7358,44
7359,66
7360,72
7361,72
7362,284
7363,141
7364,50
7365,84
7366,72
7367,93
7368,104
7369,362
7370,132
7371,215
7372,74
7373,8
7374,357
7375,234
7376,143
7377,133
7378,51
7379,365
7380,107
7381,246
7382,135
7383,144
7384,108
7385,83
7386,268
7387,234
7388,201
7389,35
7390,8
7391,271
7392,33
7393,33
7394,35
7395,8
7396,23
7397,21
7398,181
7399,188
7400,387
7401,1
7402,100
7403,193
7404,436
7405,4
7406,146
7407,31
7408,462
7409,132
7410,1
7411,307
7412,30
7413,70
7414,72
7415,108
7416,135
7417,31
7418,21
7419,24
7420,304
7421,88
7422,133
7423,23
7424,28
7425,26
7426,64
7427,216
7428,322
7429,98
7430,468
7431,8
7432,135
7433,26
7434,31
7435,200
7436,44
7437,85
7438,23
7439,231
7440,63
7441,73
7442,305
7443,8
7444,207
7445,4
7446,72
7447,83
7448,44
7449,107
7450,302
7451,216
7452,320
7453,108
7454,135
7455,107
7456,246
7457,322
7458,135
7459,107
7460,21
7461,75
7462,56
7463,86
7464,26
7465,148
7466,208
7467,113
7468,140
7469,121
7470,6
7471,135
7472,143
7473,469
7474,73
7475,112
7476,8
7477,44
7478,247
7479,148
7480,44
7481,186
7482,102
7483,102
7484,35
7485,6
7486,169
7487,135
7488,41
7489,166
7490,124
7491,173
7492,405
7493,145
7494,408
7495,72
7496,10
7497,72
7498,199
7499,17
7500,102
7501,28
7502,323
7503,92
7504,190
7505,355
7506,132
7507,135
7508,289
7509,8
7510,166
7511,332
7512,135
7513,41
7514,31
7515,120
7516,65
7517,12
7518,369
7519,50
7520,343
7521,12
7522,8
7523,373
7524,361
7525,108
7526,30
7527,163
7528,58
7529,119
7530,30
7531,44
7532,182
7533,226
7534,81
7535,43
7536,100
7537,108
7538,88
7539,86
7540,12
7541,72
7542,143
7543,143
7544,72
7545,147
7546,12
7547,8
7548,104
7549,100
7550,44
7551,254
7552,184
7553,406
7554,8
7555,53
7556,127
7557,58
7558,28
7559,275
7560,6
7561,120
7562,8
7563,44
7564,107
7565,241
7566,6
7567,16
7568,8
7569,92
7570,107
7571,334
7572,323
7573,245
7574,347
7575,29
7576,8
7577,64
7578,8
7579,107
7580,192
7581,135
7582,114
7583,105
7584,135
7585,91
7586,349
7587,246
7588,139
7589,332
7590,21
7591,112
7592,151
7593,54
7594,101
7595,34
7596,108
7597,286
7598,44
7599,353
7600,44
7601,298
7602,30
7603,44
7604,44
7605,133
7606,64
7607,44
7608,70
7609,135
7610,279
7611,230
7612,114
7613,59
7614,21
7615,106
7616,86
7617,268
7618,41
7619,159
7620,226
7621,44
7622,44
7623,249
7624,76
7625,51
7626,72
7627,24
7628,121
7629,121
7630,135
7631,30
7632,65
7633,24
7634,107
7635,35
7636,77
7637,132
7638,101
7639,86
7640,139
7641,71
7642,30
7643,100
7644,76
7645,147
7646,76
7647,103
7648,100
7649,29
7650,16
7651,23
7652,156
7653,470
7654,104
7655,22
7656,241
7657,26
7658,231
7659,44
7660,325
7661,286
7662,30
7663,73
7664,70
7665,264
7666,166
7667,16
7668,322
7669,107
7670,44
7671,70
7672,91
7673,86
7674,471
7675,194
7676,249
7677,249
7678,56
7679,56
7680,76
7681,28
7682,76
7683,86
7684,44
7685,139
7686,44
7687,7
7688,237
7689,171
7690,146
7691,90
7692,135
7693,64
7694,91
7695,215
7696,108
7697,29
7698,75
7699,54
7700,132
7701,135
7702,216
7703,295
7704,11
7705,87
7706,80
7707,44
7708,8
7709,21
7710,44
7711,220
7712,23
7713,7
7714,135
7715,355
7716,23
7717,264
7718,355
7719,8
7720,249
7721,56
7722,249
7723,12
7724,53
7725,340
7726,186
7727,4
7728,324
7729,143
7730,179
7731,472
7732,48
7733,107
7734,40
7735,113
7736,258
7737,51
7738,347
7739,323
7740,334
7741,473
7742,335
7743,135
7744,272
7745,249
7746,108
7747,90
7748,12
7749,308
7750,6
7751,100
7752,101
7753,56
7754,207
7755,249
7756,179
7757,124
7758,53
7759,44
7760,474
7761,58
7762,90
7763,172
7764,30
7765,76
7766,100
7767,6
7768,78
7769,194
7770,100
7771,18
7772,40
7773,73
7774,44
7775,143
7776,301
7777,44
7778,44
7779,50
7780,44
7781,50
7782,131
7783,44
7784,44
7785,171
7786,137
7787,106
7788,71
7789,8
7790,53
7791,241
7792,8
7793,108
7794,41
7795,475
7796,370
7797,11
7798,107
7799,107
7800,107
7801,147
7802,226
7803,82
7804,305
7805,31
7806,139
7807,58
7808,106
7809,106
7810,286
7811,66
7812,322
7813,298
7814,172
7815,48
7816,177
7817,92
7818,435
7819,6
7820,106
7821,44
7822,122
7823,298
7824,476
7825,83
7826,15
7827,15
7828,54
7829,70
7830,61
7831,80
7832,70
7833,12
7834,24
7835,334
7836,145
7837,333
7838,26
7839,198
7840,135
7841,23
7842,92
7843,320
7844,132
7845,165
7846,139
7847,143
7848,132
7849,226
7850,42
7851,114
7852,477
7853,12
7854,87
7855,4
7856,208
7857,23
7858,332
7859,44
7860,8
7861,101
7862,10
7863,53
7864,221
7865,264
7866,41
7867,41
7868,447
7869,12
7870,103
7871,39
7872,230
7873,5
7874,230
7875,316
7876,143
7877,398
7878,54
7879,53
7880,86
7881,238
7882,478
7883,24
7884,23
7885,58
7886,5
7887,91
7888,64
7889,6
7890,12
7891,8
7892,12
7893,21
7894,7
7895,90
7896,63
7897,479
7898,215
7899,226
7900,8
7901,246
7902,113
7903,115
7904,53
7905,41
7906,147
7907,107
7908,8
7909,101
7910,384
7911,11
7912,41
7913,53
7914,88
7915,83
7916,301
7917,30
7918,107
7919,14
7920,56
7921,117
7922,86
7923,11
7924,147
7925,249
7926,173
7927,28
7928,249
7929,249
7930,58
7931,21
7932,102
7933,4
7934,50
7935,91
7936,114
7937,30
7938,237
7939,394
7940,44
7941,44
7942,342
7943,26
7944,196
7945,133
7946,48
7947,207
7948,106
7949,50
7950,29
7951,9
7952,480
7953,119
7954,11
7955,320
7956,481
7957,482
7958,42
7959,8
7960,16
7961,68
7962,4
7963,210
7964,10
7965,398
7966,148
7967,59
7968,241
7969,8
7970,408
7971,12
7972,108
7973,90
7974,102
7975,41
7976,203
7977,353
7978,88
7979,147
7980,29
7981,231
7982,83
7983,88
7984,91
7985,199
7986,31
7987,8
7988,140
7989,133
7990,53
7991,23
7992,50
7993,151
7994,337
7995,347
7996,91
7997,102
7998,100
7999,101
8000,6
8001,5
8002,33
8003,46
8004,26
8005,6
8006,12
8007,52
8008,76
8009,102
8010,22
8011,23
8012,70
8013,29
8014,104
8015,200
8016,21
8017,286
8018,132
8019,308
8020,246
8021,239
8022,90
8023,268
8024,246
8025,30
8026,483
8027,126
8028,92
8029,40
8030,332
8031,484
8032,308
8033,171
8034,108
8035,485
8036,308
8037,102
8038,6
8039,276
8040,135
8041,187
8042,286
8043,53
8044,246
8045,137
8046,92
8047,417
8048,236
8049,8
8050,59
8051,51
8052,107
8053,135
8054,135
8055,169
8056,212
8057,221
8058,132
8059,486
8060,305
8061,12
8062,31
8063,107
8064,135
8065,148
8066,107
8067,135
8068,171
8069,181
8070,108
8071,91
8072,294
8073,304
8074,111
8075,91
8076,449
8077,99
8078,86
8079,22
8080,13
8081,159
8082,29
8083,9
8084,139
8085,58
8086,87
8087,487
8088,195
8089,9
8090,100
8091,101
8092,488
8093,122
8094,12
8095,150
8096,178
8097,166
8098,4
8099,8
8100,107
8101,76
8102,102
8103,159
8104,6
8105,489
8106,92
8107,115
8108,46
8109,147
8110,139
8111,70
8112,203
8113,67
8114,285
8115,245
8116,58
8117,10
8118,10
8119,86
8120,103
8121,10
8122,156
8123,57
8124,10
8125,203
8126,23
8127,216
8128,490
8129,10
8130,231
8131,129
8132,208
8133,298
8134,27
8135,281
8136,173
8137,30
8138,4
8139,57
8140,86
8141,141
8142,151
8143,16
8144,83
8145,196
8146,4
8147,6
8148,8
8149,168
8150,140
8151,162
8152,217
8153,50
8154,44
8155,233
8156,50
8157,8
8158,44
8159,108
8160,130
8161,34
8162,7
8163,241
8164,305
8165,160
8166,69
8167,491
8168,12
8169,30
8170,30
8171,30
8172,30
8173,30
8174,30
8175,70
8176,30
8177,30
8178,156
8179,178
8180,12
8181,24
8182,235
8183,48
8184,8
8185,83
8186,120
8187,105
8188,236
8189,305
8190,199
8191,72
8192,92
8193,198
8194,193
8195,12
8196,56
8197,6
8198,6
8199,215
8200,23
8201,86
8202,135
8203,194
8204,18
8205,236
8206,231
8207,355
8208,255
8209,44
8210,83
8211,231
8212,12
8213,83
8214,194
8215,86
8216,8
8217,51
8218,194
8219,177
8220,298
8221,194
8222,22
8223,111
8224,29
8225,166
8226,59
8227,173
8228,205
8229,318
8230,58
8231,83
8232,70
8233,231
8234,131
8235,86
8236,156
8237,8
8238,83
8239,140
8240,99
8241,215
8242,8
8243,76
8244,39
8245,101
8246,8
8247,108
8248,107
8249,156
8250,203
8251,147
8252,215
8253,223
8254,113
8255,7
8256,412
8257,194
8258,26
8259,53
8260,156
8261,44
8262,17
8263,307
8264,14
8265,31
8266,6
8267,239
8268,254
8269,194
8270,50
8271,16
8272,15
8273,48
8274,23
8275,133
8276,61
8277,31
8278,2
8279,8
8280,8
8281,51
8282,132
8283,33
8284,16
8285,249
8286,85
8287,102
8288,207
8289,186
8290,60
8291,135
8292,106
8293,107
8294,50
8295,127
8296,29
8297,50
8298,54
8299,58
8300,166
8301,115
8302,88
8303,171
8304,29
8305,8
8306,30
8307,107
8308,4
8309,4
8310,72
8311,53
8312,127
8313,5
8314,104
8315,220
8316,293
8317,41
8318,54
8319,226
8320,8
8321,146
8322,194
8323,63
8324,9
8325,2
8326,158
8327,360
8328,459
8329,30
8330,8
8331,92
8332,108
8333,82
8334,202
8335,92
8336,121
8337,199
8338,86
8339,91
8340,448
8341,39
8342,86
8343,35
8344,30
8345,135
8346,139
8347,89
8348,116
8349,492
8350,231
8351,263
8352,92
8353,91
8354,159
8355,30
8356,182
8357,121
8358,85
8359,50
8360,108
8361,133
8362,203
8363,58
8364,104
8365,172
8366,121
8367,132
8368,54
8369,159
8370,24
8371,317
8372,311
8373,201
8374,44
8375,82
8376,4
8377,340
8378,221
8379,44
8380,355
8381,369
8382,438
8383,241
8384,128
8385,84
8386,284
8387,120
8388,8
8389,120
8390,120
8391,251
8392,361
8393,18
8394,52
8395,10
8396,310
8397,64
8398,30
8399,282
8400,163
8401,24
8402,380
8403,105
8404,35
8405,50
8406,50
8407,233
8408,72
8409,8
8410,44
8411,53
8412,53
8413,200
8414,430
8415,31
8416,50
8417,8
8418,44
8419,35
8420,61
8421,264
8422,364
8423,37
8424,215
8425,107
8426,23
8427,159
8428,163
8429,41
8430,24
8431,206
8432,435
8433,435
8434,58
8435,8
8436,8
8437,104
8438,8
8439,114
8440,31
8441,79
8442,23
8443,120
8444,41
8445,41
8446,54
8447,83
8448,173
8449,454
8450,13
8451,58
8452,16
8453,87
8454,58
8455,76
8456,100
8457,101
8458,31
8459,315
8460,256
8461,493
8462,321
8463,35
8464,436
8465,112
8466,48
8467,83
8468,231
8469,148
8470,365
8471,76
8472,8
8473,35
8474,12
8475,24
8476,4
8477,109
8478,166
8479,92
8480,441
8481,144
8482,113
8483,102
8484,15
8485,70
8486,370
8487,266
8488,199
8489,30
8490,44
8491,6
8492,120
8493,24
8494,8
8495,107
8496,219
8497,63
8498,179
8499,133
8500,8
8501,9
8502,86
8503,284
8504,23
8505,5
8506,29
8507,61
8508,51
8509,377
8510,231
8511,228
8512,56
8513,241
8514,140
8515,8
8516,8
8517,8
8518,8
8519,8
8520,53
8521,53
8522,30
8523,8
8524,8
8525,108
8526,151
8527,88
8528,148
8529,22
8530,44
8531,218
8532,30
8533,233
8534,50
8535,141
8536,44
8537,54
8538,173
8539,44
8540,21
8541,44
8542,24
8543,355
8544,90
8545,360
8546,108
8547,139
8548,48
8549,48
8550,132
8551,20
8552,355
8553,228
8554,107
8555,406
8556,171
8557,172
8558,355
8559,206
8560,206
8561,217
8562,26
8563,83
8564,239
8565,226
8566,135
8567,205
8568,54
8569,333
8570,113
8571,135
8572,6
8573,30
8574,82
8575,59
8576,219
8577,20
8578,434
8579,50
8580,8
8581,106
8582,16
8583,65
8584,65
8585,51
8586,175
8587,253
8588,30
8589,53
8590,93
8591,160
8592,92
8593,92
8594,12
8595,54
8596,83
8597,146
8598,108
8599,494
8600,322
8601,6
8602,8
8603,132
8604,50
8605,253
8606,50
8607,147
8608,106
8609,58
8610,8
8611,70
8612,23
8613,8
8614,240
8615,106
8616,31
8617,108
8618,109
8619,31
8620,24
8621,29
8622,83
8623,54
8624,100
8625,73
8626,59
8627,398
8628,114
8629,9
8630,50
8631,219
8632,249
8633,194
8634,421
8635,41
8636,76
8637,143
8638,11
8639,90
8640,327
8641,142
8642,135
8643,135
8644,39
8645,330
8646,135
8647,7
8648,246
8649,334
8650,142
8651,44
8652,23
8653,23
8654,31
8655,4
8656,44
8657,246
8658,171
8659,308
8660,35
8661,24
8662,194
8663,266
8664,108
8665,36
8666,11
8667,107
8668,237
8669,8
8670,8
8671,266
8672,159
8673,194
8674,355
8675,141
8676,86
8677,51
8678,73
8679,44
8680,412
8681,56
8682,7
8683,8
8684,56
8685,172
8686,172
8687,135
8688,246
8689,272
8690,59
8691,12
8692,64
8693,160
8694,44
8695,102
8696,41
8697,147
8698,147
8699,192
8700,102
8701,101
8702,70
8703,102
8704,23
8705,82
8706,286
8707,39
8708,324
8709,303
8710,159
8711,53
8712,28
8713,51
8714,51
8715,226
8716,92
8717,126
8718,171
8719,171
8720,137
8721,92
8722,142
8723,246
8724,267
8725,90
8726,50
8727,4
8728,54
8729,108
8730,29
8731,119
8732,36
8733,83
8734,163
8735,106
8736,24
8737,278
8738,21
8739,107
8740,108
8741,494
8742,246
8743,240
8744,284
8745,495
8746,145
8747,347
8748,231
8749,361
8750,106
8751,31
8752,82
8753,303
8754,70
8755,107
8756,107
8757,59
8758,261
8759,132
8760,86
8761,50
8762,72
8763,45
8764,39
8765,91
8766,30
8767,184
8768,52
8769,20
8770,6
8771,72
8772,414
8773,50
8774,108
8775,164
8776,1
8777,135
8778,93
8779,139
8780,58
8781,29
8782,12
8783,70
8784,91
8785,6
8786,35
8787,9
8788,50
8789,50
8790,194
8791,8
8792,139
8793,107
8794,22
8795,284
8796,59
8797,45
8798,44
8799,46
8800,303
8801,217
8802,171
8803,112
8804,147
8805,108
8806,73
8807,172
8808,44
8809,142
8810,40
8811,174
8812,201
8813,46
8814,31
8815,35
8816,328
8817,200
8818,107
8819,70
8820,44
8821,496
8822,4
8823,16
8824,121
8825,447
8826,44
8827,9
8828,177
8829,72
8830,177
8831,126
8832,143
8833,108
8834,50
8835,147
8836,91
8837,6
8838,8
8839,314
8840,148
8841,29
8842,279
8843,64
8844,107
8845,219
8846,139
8847,307
8848,132
8849,16
8850,30
8851,276
8852,355
8853,107
8854,142
8855,46
8856,322
8857,212
8858,53
8859,44
8860,215
8861,298
8862,94
8863,196
8864,219
8865,90
8866,298
8867,179
8868,272
8869,144
8870,272
8871,266
8872,44
8873,44
8874,272
8875,427
8876,26
8877,12
8878,132
8879,237
8880,215
8881,48
8882,230
8883,140
8884,132
8885,54
8886,12
8887,8
8888,73
8889,11
8890,107
8891,150
8892,156
8893,382
8894,144
8895,295
8896,181
8897,362
8898,92
8899,355
8900,328
8901,4
8902,31
8903,186
8904,70
8905,344
8906,7
8907,86
8908,306
8909,468
8910,120
8911,413
8912,58
8913,92
8914,206
8915,29
8916,44
8917,107
8918,8
8919,145
8920,12
8921,8
8922,91
8923,8
8924,199
8925,8
8926,8
8927,21
8928,50
8929,50
8930,337
8931,37
8932,231
8933,50
8934,425
8935,92
8936,113
8937,272
8938,44
8939,8
8940,101
8941,134
8942,39
8943,28
8944,497
8945,15
8946,15
8947,355
8948,275
8949,340
8950,389
8951,135
8952,272
8953,59
8954,6
8955,41
8956,72
8957,70
8958,213
8959,429
8960,12
8961,159
8962,8
8963,92
8964,8
8965,151
8966,4
8967,91
8968,135
8969,129
8970,107
8971,31
8972,21
8973,41
8974,139
8975,221
8976,208
8977,24
8978,100
8979,493
8980,231
8981,58
8982,26
8983,115
8984,107
8985,83
8986,147
8987,341
8988,22
8989,83
8990,355
8991,8
8992,8
8993,44
8994,44
8995,231
8996,132
8997,8
8998,207
8999,305
9000,8
9001,8
9002,98
9003,107
9004,6
9005,215
9006,44
9007,58
9008,107
9009,143
9010,102
9011,148
9012,310
9013,133
9014,83
9015,194
9016,147
9017,115
9018,147
9019,108
9020,167
9021,16
9022,70
9023,102
9024,4
9025,143
9026,43
9027,18
9028,44
9029,8
9030,275
9031,45
9032,8
9033,108
9034,8
9035,148
9036,6
9037,50
9038,29
9039,128
9040,59
9041,8
9042,185
9043,120
9044,184
9045,442
9046,8
9047,44
9048,275
9049,58
9050,8
9051,272
9052,58
9053,174
9054,83
9055,101
9056,86
9057,120
9058,264
9059,207
9060,171
9061,98
9062,41
9063,115
9064,52
9065,159
9066,4
9067,50
9068,135
9069,8
9070,133
9071,193
9072,13
9073,114
9074,86
9075,48
9076,72
9077,59
9078,91
9079,8
9080,8
9081,135
9082,51
9083,133
9084,8
9085,108
9086,30
9087,246
9088,44
9089,231
9090,301
9091,107
9092,194
9093,350
9094,135
9095,311
9096,231
9097,246
9098,231
9099,70
9100,44
9101,59
9102,135
9103,272
9104,6
9105,286
9106,334
9107,7
9108,498
9109,8
9110,159
9111,50
9112,107
9113,16
9114,22
9115,44
9116,88
9117,89
9118,63
9119,75
9120,8
9121,140
9122,58
9123,151
9124,8
9125,107
9126,144
9127,139
9128,366
9129,225
9130,163
9131,135
9132,275
9133,12
9134,50
9135,111
9136,115
9137,150
9138,131
9139,115
9140,122
9141,117
9142,70
9143,91
9144,30
9145,70
9146,171
9147,108
9148,308
9149,499
9150,106
9151,191
9152,51
9153,57
9154,102
9155,51
9156,8
9157,226
9158,468
9159,22
9160,166
9161,308
9162,41
9163,335
9164,54
9165,9
9166,307
9167,466
9168,142
9169,483
9170,72
9171,194
9172,70
9173,44
9174,279
9175,445
9176,6
9177,339
9178,44
9179,131
9180,194
9181,104
9182,246
9183,44
9184,44
9185,142
9186,276
9187,177
9188,301
9189,173
9190,437
9191,135
9192,94
9193,248
9194,44
9195,102
9196,378
9197,83
9198,373
9199,471
9200,108
9201,139
9202,107
9203,54
9204,150
9205,104
9206,44
9207,44
9208,29
9209,30
9210,50
9211,143
9212,8
9213,74
9214,41
9215,44
9216,44
9217,146
9218,107
9219,146
9220,135
9221,92
9222,199
9223,8
9224,441
9225,22
9226,101
9227,44
9228,46
9229,7
9230,88
9231,305
9232,24
9233,29
9234,172
9235,44
9236,12
9237,140
9238,268
9239,159
9240,85
9241,51
9242,221
9243,8
9244,73
9245,8
9246,24
9247,66
9248,72
9249,35
9250,108
9251,68
9252,105
9253,107
9254,12
9255,107
9256,29
9257,64
9258,31
9259,23
9260,6
9261,36
9262,257
9263,8
9264,8
9265,161
9266,143
9267,437
9268,8
9269,150
9270,115
9271,41
9272,8
9273,23
9274,63
9275,26
9276,21
9277,50
9278,193
9279,249
9280,107
9281,166
9282,173
9283,58
9284,92
9285,50
9286,266
9287,8
9288,86
9289,104
9290,10
9291,41
9292,51
9293,65
9294,54
9295,355
9296,171
9297,53
9298,106
9299,115
9300,8
9301,8
9302,34
9303,23
9304,30
9305,272
9306,106
9307,114
9308,74
9309,147
9310,182
9311,132
9312,33
9313,232
9314,159
9315,95
9316,83
9317,44
9318,59
9319,66
9320,35
9321,301
9322,135
9323,92
9324,139
9325,135
9326,139
9327,108
9328,135
9329,135
9330,163
9331,327
9332,230
9333,24
9334,8
9335,40
9336,121
9337,199
9338,59
9339,23
9340,447
9341,209
9342,76
9343,286
9344,29
9345,305
9346,50
9347,58
9348,241
9349,59
9350,111
9351,4
9352,107
9353,44
9354,8
9355,102
9356,164
9357,100
9358,59
9359,50
9360,28
9361,58
9362,199
9363,12
9364,26
9365,26
9366,268
9367,50
9368,334
9369,246
9370,437
9371,215
9372,44
9373,316
9374,108
9375,108
9376,490
9377,108
9378,44
9379,44
9380,108
9381,165
9382,120
9383,369
9384,65
9385,13
9386,9
9387,44
9388,88
9389,355
9390,245
9391,213
9392,442
9393,59
9394,107
9395,76
9396,200
9397,114
9398,13
9399,141
9400,107
9401,107
9402,231
9403,22
9404,92
9405,113
9406,347
9407,328
9408,41
9409,133
9410,44
9411,112
9412,50
9413,292
9414,26
9415,50
9416,106
9417,184
9418,54
9419,116
9420,7
9421,267
9422,335
9423,12
9424,21
9425,126
9426,52
9427,11
9428,132
9429,50
9430,10
9431,44
9432,89
9433,215
9434,280
9435,364
9436,29
9437,50
9438,48
9439,107
9440,103
9441,7
9442,31
9443,286
9444,89
9445,12
9446,28
9447,294
9448,105
9449,83
9450,102
9451,8
9452,59
9453,44
9454,133
9455,108
9456,41
9457,23
9458,44
9459,107
9460,58
9461,8
9462,54
9463,44
9464,58
9465,230
9466,135
9467,146
9468,95
9469,108
9470,142
9471,107
9472,107
9473,479
9474,40
9475,90
9476,147
9477,92
9478,139
9479,70
9480,246
9481,226
9482,8
9483,132
9484,230
9485,226
9486,92
9487,108
9488,296
9489,4
9490,107
9491,6
9492,83
9493,286
9494,107
9495,132
9496,30
9497,12
9498,30
9499,30
9500,4
9501,11
9502,135
9503,30
9504,30
9505,22
9506,6
9507,305
9508,143
9509,44
9510,41
9511,165
9512,191
9513,205
9514,122
9515,68
9516,135
9517,458
9518,166
9519,246
9520,347
9521,100
9522,101
9523,36
9524,141
9525,169
9526,108
9527,272
9528,44
9529,268
9530,41
9531,326
9532,126
9533,86
9534,226
9535,108
9536,226
9537,500
9538,113
9539,107
9540,107
9541,139
9542,113
9543,135
9544,135
9545,148
9546,102
9547,177
9548,462
9549,135
9550,226
9551,8
9552,163
9553,179
9554,132
9555,92
9556,171
9557,90
9558,73
9559,135
9560,501
9561,374
9562,489
9563,215
9564,91
9565,219
9566,303
9567,226
9568,176
9569,16
9570,23
9571,180
9572,290
9573,54
9574,139
9575,92
9576,139
9577,135
9578,52
9579,8
9580,59
9581,258
9582,108
9583,323
9584,246
9585,24
9586,227
9587,92
9588,53
9589,29
9590,102
9591,133
9592,9
9593,108
9594,53
9595,355
9596,107
9597,139
9598,108
9599,40
9600,120
9601,26
9602,13
9603,333
9604,47
9605,35
9606,502
9607,8
9608,48
9609,48
9610,9
9611,106
9612,355
9613,437
9614,322
9615,45
9616,53
9617,388
9618,308
9619,323
9620,31
9621,86
9622,171
9623,139
9624,88
9625,320
9626,275
9627,322
9628,108
9629,79
9630,328
9631,6
9632,454
9633,454
9634,108
9635,86
9636,31
9637,503
9638,287
9639,184
9640,48
9641,173
9642,178
9643,226
9644,186
9645,215
9646,133
9647,24
9648,70
9649,8
9650,30
9651,12
9652,8
9653,95
9654,23
9655,4
9656,147
9657,182
9658,241
9659,50
9660,241
9661,51
9662,54
9663,120
9664,156
9665,7
9666,98
9667,195
9668,108
9669,90
9670,246
9671,42
9672,8
9673,44
9674,8
9675,70
9676,44
9677,50
9678,194
9679,30
9680,50
9681,119
9682,307
9683,50
9684,53
9685,83
9686,504
9687,505
9688,135
9689,135
9690,139
9691,174
9692,289
9693,226
9694,331
9695,29
9696,76
9697,171
9698,115
9699,126
9700,305
9701,146
9702,355
9703,142
9704,70
9705,8
9706,139
9707,111
9708,24
9709,506
9710,8
9711,54
9712,436
9713,128
9714,72
9715,29
9716,60
9717,237
9718,4
9719,50
9720,159
9721,108
9722,141
9723,58
9724,50
9725,107
9726,21
9727,134
9728,377
9729,8
9730,10
9731,485
9732,190
9733,10
9734,171
9735,21
9736,220
9737,70
9738,73
9739,44
9740,221
9741,35
9742,91
9743,8
9744,159
9745,375
9746,10
9747,94
9748,144
9749,328
9750,328
9751,507
9752,115
9753,184
9754,508
9755,5
9756,335
9757,82
9758,8
9759,305
9760,33
9761,509
9762,53
9763,21
9764,90
9765,506
9766,108
9767,59
9768,51
9769,140
9770,106
9771,95
9772,35
9773,88
9774,108
9775,108
9776,10
9777,29
9778,133
9779,58
9780,179
9781,48
9782,70
9783,51
9784,8
9785,51
9786,194
9787,35
9788,510
9789,6
9790,91
9791,305
9792,191
9793,23
9794,303
9795,102
9796,228
9797,249
9798,45
9799,42
9800,30
9801,308
9802,113
9803,8
9804,195
9805,11
9806,2
9807,113
9808,99
9809,114
9810,201
9811,8
9812,103
9813,328
9814,18
9815,104
9816,41
9817,203
9818,92
9819,187
9820,142
9821,65
9822,350
9823,92
9824,21
9825,287
9826,247
9827,303
9828,181
9829,86
9830,295
9831,14
9832,147
9833,272
9834,31
9835,92
9836,8
9837,171
9838,171
9839,165
9840,494
9841,320
9842,76
9843,102
9844,132
9845,68
9846,8
9847,437
9848,268
9849,59
9850,404
9851,13
9852,139
9853,325
9854,76
9855,44
9856,372
9857,466
9858,90
9859,370
9860,10
9861,334
9862,86
9863,90
9864,320
9865,42
9866,108
9867,351
9868,333
9869,11
9870,165
9871,216
9872,145
9873,148
9874,9
9875,58
9876,272
9877,96
9878,48
9879,44
9880,171
9881,11
9882,147
9883,108
9884,142
9885,23
9886,147
9887,8
9888,36
9889,90
9890,339
9891,146
9892,6
9893,246
9894,246
9895,8
9896,278
9897,182
9898,76
9899,219
9900,58
9901,7
9902,11
9903,308
9904,171
9905,137
9906,12
9907,135
9908,63
9909,172
9910,305
9911,246
9912,55
9913,104
9914,226
9915,8
9916,30
9917,100
9918,23
9919,44
9920,298
9921,108
9922,139
9923,166
9924,142
9925,68
9926,54
9927,215
9928,466
9929,122
9930,108
9931,275
9932,201
9933,320
9934,268
9935,150
9936,21
9937,4
9938,309
9939,108
9940,107
9941,86
9942,150
9943,132
9944,320
9945,92
9946,31
9947,106
9948,49
9949,217
9950,44
9951,137
9952,101
9953,56
9954,246
9955,135
9956,135
9957,135
9958,8
9959,166
9960,166
9961,54
9962,50
9963,8
9964,150
9965,345
9966,44
9967,54
9968,106
9969,147
9970,70
9971,114
9972,332
9973,128
9974,31
9975,73
9976,42
9977,42
9978,184
9979,245
9980,172
9981,42
9982,91
9983,51
9984,160
9985,8
9986,50
9987,92
9988,23
9989,287
9990,22
9991,143
9992,133
9993,54
9994,247
9995,142
9996,355
9997,169
9998,44
9999,142
10000,41
10001,44
10002,171
10003,323
10004,264
10005,93
10006,50
10007,11
10008,108
10009,22
10010,4
10011,309
10012,113
10013,120
10014,473
10015,169
10016,462
10017,45
10018,231
10019,91
10020,83
10021,23
10022,23
10023,142
10024,286
10025,33
10026,286
10027,334
10028,54
10029,215
10030,21
10031,417
10032,44
10033,113
10034,172
10035,272
10036,98
10037,94
10038,102
10039,100
10040,333
10041,91
10042,108
10043,272
10044,177
10045,135
10046,308
10047,150
10048,290
10049,308
10050,303
10051,59
10052,36
10053,272
10054,7
10055,320
10056,90
10057,249
10058,8
10059,103
10060,490
10061,171
10062,110
10063,275
10064,132
10065,135
10066,363
10067,321
10068,275
10069,192
10070,50
10071,137
10072,349
10073,216
10074,190
10075,36
10076,144
10077,135
10078,75
10079,30
10080,178
10081,336
10082,91
10083,51
10084,12
10085,108
10086,137
10087,54
10088,8
10089,208
10090,44
10091,37
10092,334
10093,216
10094,234
10095,10
10096,144
10097,24
10098,4
10099,6
10100,83
10101,173
10102,86
10103,92
10104,8
10105,175
10106,8
10107,24
10108,8
10109,21
10110,86
10111,350
10112,31
10113,54
10114,12
10115,108
10116,20
10117,50
10118,121
10119,159
10120,30
10121,350
10122,92
10123,8
10124,178
10125,101
10126,100
10127,169
10128,216
10129,332
10130,70
10131,8
10132,83
10133,48
10134,92
10135,135
10136,174
10137,171
10138,269
10139,36
10140,272
10141,92
10142,108
10143,308
10144,334
10145,194
10146,108
10147,215
10148,113
10149,108
10150,105
10151,31
10152,33
10153,267
10154,108
10155,268
10156,324
10157,12
10158,147
10159,6
10160,92
10161,132
10162,86
10163,199
10164,90
10165,23
10166,156
10167,144
10168,54
10169,336
10170,21
10171,89
10172,248
10173,8
10174,8
10175,44
10176,416
10177,44
10178,283
10179,35
10180,35
10181,90
10182,275
10183,246
10184,275
10185,379
10186,36
10187,286
10188,355
10189,139
10190,135
10191,36
10192,272
10193,464
10194,152
10195,171
10196,23
10197,54
10198,44
10199,11
10200,108
10201,207
10202,108
10203,268
10204,70
10205,34
10206,119
10207,249
10208,226
10209,58
10210,93
10211,216
10212,34
10213,291
10214,72
10215,66
10216,298
10217,275
10218,286
10219,93
10220,108
10221,308
10222,114
10223,107
10224,220
10225,120
10226,165
10227,8
10228,211
10229,216
10230,64
10231,121
10232,133
10233,107
10234,53
10235,511
10236,16
10237,50
10238,22
10239,100
10240,364
10241,44
10242,120
10243,3
10244,181
10245,144
10246,186
10247,268
10248,65
10249,44
10250,128
10251,44
10252,50
10253,44
10254,373
10255,73
10256,192
10257,91
10258,65
10259,199
10260,64
10261,231
10262,21
10263,30
10264,352
10265,33
10266,51
10267,133
10268,54
10269,8
10270,242
10271,44
10272,233
10273,124
10274,6
10275,26
10276,208
10277,249
10278,70
10279,44
10280,350
10281,7
10282,76
10283,56
10284,76
10285,44
10286,100
10287,249
10288,208
10289,87
10290,6
10291,101
10292,278
10293,28
10294,53
10295,64
10296,215
10297,236
10298,102
10299,78
10300,203
10301,103
10302,59
10303,203
10304,101
10305,102
10306,54
10307,147
10308,147
10309,201
10310,16
10311,434
10312,76
10313,20
10314,12
10315,3
10316,101
10317,54
10318,86
10319,143
10320,103
10321,101
10322,512
10323,114
10324,100
10325,76
10326,100
10327,76
10328,249
10329,102
10330,86
10331,58
10332,21
10333,102
10334,236
10335,101
10336,273
10337,445
10338,91
10339,53
10340,59
10341,56
10342,357
10343,56
10344,513
10345,76
10346,249
10347,100
10348,249
10349,282
10350,134
10351,412
10352,510
10353,8
10354,102
10355,57
10356,30
10357,22
10358,249
10359,100
10360,201
10361,107
10362,249
10363,6
10364,200
10365,86
10366,8
10367,101
10368,96
10369,51
10370,355
10371,76
10372,321
10373,16
10374,30
10375,26
10376,106
10377,59
10378,307
10379,223
10380,133
10381,51
10382,51
10383,234
10384,23
10385,107
10386,58
10387,26
10388,21
10389,23
10390,26
10391,305
10392,390
10393,115
10394,302
10395,202
10396,8
10397,16
10398,54
10399,30
10400,50
10401,145
10402,114
10403,403
10404,23
10405,373
10406,30
10407,26
10408,73
10409,26
10410,44
10411,509
10412,206
10413,53
10414,403
10415,16
10416,16
10417,249
10418,20
10419,21
10420,65
10421,205
10422,8
10423,241
10424,23
10425,114
10426,44
10427,52
10428,58
10429,119
10430,148
10431,6
10432,194
10433,28
10434,16
10435,51
10436,143
10437,41
10438,24
10439,107
10440,18
10441,29
10442,305
10443,409
10444,107
10445,26
10446,86
10447,100
10448,148
10449,148
10450,231
10451,199
10452,100
10453,83
10454,467
10455,448
10456,26
10457,220
10458,216
10459,30
10460,63
10461,86
10462,12
10463,44
10464,86
10465,370
10466,73
10467,235
10468,133
10469,360
10470,148
10471,137
10472,53
10473,44
10474,371
10475,121
10476,44
10477,50
10478,133
10479,51
10480,108
10481,147
10482,148
10483,50
10484,21
10485,299
10486,107
10487,126
10488,8
10489,23
10490,31
10491,99
10492,29
10493,16
10494,90
10495,35
10496,59
10497,101
10498,101
10499,56
10500,128
10501,52
10502,210
10503,39
10504,16
10505,147
10506,66
10507,10
10508,6
10509,59
10510,345
10511,10
10512,58
10513,145
10514,23
10515,307
10516,41
10517,36
10518,93
10519,291
10520,108
10521,48
10522,219
10523,238
10524,201
10525,141
10526,24
10527,92
10528,92
10529,23
10530,132
10531,320
10532,325
10533,54
10534,128
10535,115
10536,8
10537,266
10538,437
10539,56
10540,142
10541,272
10542,225
10543,115
10544,92
10545,24
10546,332
10547,113
10548,126
10549,59
10550,466
10551,100
10552,30
10553,44
10554,489
10555,8
10556,58
10557,102
10558,12
10559,108
10560,24
10561,132
10562,216
10563,114
10564,230
10565,146
10566,332
10567,322
10568,53
10569,226
10570,137
10571,21
10572,126
10573,272
10574,142
10575,59
10576,135
10577,108
10578,135
10579,166
10580,165
10581,135
10582,295
10583,44
10584,54
10585,183
10586,30
10587,307
10588,355
10589,73
10590,295
10591,320
10592,96
10593,135
10594,135
10595,226
10596,23
10597,146
10598,107
10599,16
10600,16
10601,246
10602,53
10603,246
10604,114
10605,50
10606,48
10607,195
10608,126
10609,44
10610,216
10611,26
10612,184
10613,92
10614,332
10615,101
10616,249
10617,24
10618,228
10619,139
10620,320
10621,135
10622,93
10623,95
10624,355
10625,332
10626,23
10627,83
10628,107
10629,54
10630,226
10631,135
10632,135
10633,113
10634,102
10635,113
10636,23
10637,31
10638,58
10639,108
10640,303
10641,146
10642,92
10643,355
10644,246
10645,26
10646,23
10647,26
10648,108
10649,72
10650,286
10651,8
10652,44
10653,151
10654,59
10655,512
10656,308
10657,50
10658,44
10659,286
10660,323
10661,98
10662,172
10663,4
10664,303
10665,44
10666,111
10667,322
10668,514
10669,161
10670,108
10671,44
10672,44
10673,199
10674,41
10675,10
10676,232
10677,8
10678,120
10679,160
10680,140
10681,53
10682,148
10683,495
10684,336
10685,140
10686,107
10687,266
10688,30
10689,342
10690,216
10691,148
10692,258
10693,140
10694,59
10695,8
10696,22
10697,143
10698,200
10699,258
10700,22
10701,200
10702,120
10703,215
10704,88
10705,30
10706,101
10707,246
10708,8
10709,4
10710,58
10711,85
10712,91
10713,102
10714,174
10715,98
10716,241
10717,316
10718,330
10719,115
10720,91
10721,278
10722,44
10723,245
10724,206
10725,135
10726,88
10727,83
10728,147
10729,320
10730,54
10731,437
10732,42
10733,35
10734,252
10735,207
10736,50
10737,47
10738,8
10739,91
10740,40
10741,355
10742,107
10743,8
10744,107
10745,126
10746,295
10747,34
10748,139
10749,462
10750,272
10751,226
10752,59
10753,111
10754,23
10755,92
10756,264
10757,98
10758,28
10759,339
10760,132
10761,39
10762,133
10763,104
10764,56
10765,58
10766,8
10767,120
10768,239
10769,50
10770,50
10771,264
10772,305
10773,50
10774,231
10775,6
10776,166
10777,106
10778,4
10779,41
10780,58
10781,53
10782,8
10783,44
10784,179
10785,44
10786,13
10787,58
10788,404
10789,44
10790,44
10791,50
10792,4
10793,50
10794,108
10795,340
10796,41
10797,8
10798,179
10799,91
10800,107
10801,211
10802,159
10803,25
10804,44
10805,135
10806,139
10807,254
10808,310
10809,108
10810,44
10811,168
10812,355
10813,83
10814,148
10815,106
10816,121
10817,62
10818,107
10819,28
10820,132
10821,116
10822,58
10823,44
10824,147
10825,90
10826,266
10827,61
10828,8
10829,156
10830,195
10831,491
10832,30
10833,22
10834,9
10835,107
10836,8
10837,58
10838,53
10839,241
10840,71
10841,33
10842,239
10843,195
10844,237
10845,443
10846,208
10847,56
10848,23
10849,29
10850,156
10851,200
10852,415
10853,8
10854,50
10855,263
10856,337
10857,56
10858,58
10859,195
10860,201
10861,76
10862,34
10863,467
10864,101
10865,515
10866,62
10867,35
10868,50
10869,221
10870,167
10871,179
10872,497
10873,101
10874,9
10875,285
10876,329
10877,276
10878,76
10879,28
10880,41
10881,79
10882,61
10883,200
10884,516
10885,51
10886,12
10887,301
10888,83
10889,517
10890,86
10891,83
10892,8
10893,8
10894,50
10895,199
10896,22
10897,21
10898,58
10899,231
10900,177
10901,44
10902,10
10903,196
10904,23
10905,8
10906,205
10907,11
10908,16
10909,12
10910,28
10911,192
10912,192
10913,102
10914,409
10915,278
10916,104
10917,302
10918,92
10919,35
10920,86
10921,103
10922,56
10923,50
10924,114
10925,133
10926,76
10927,126
10928,292
10929,22
10930,13
10931,88
10932,298
10933,370
10934,518
10935,54
10936,86
10937,101
10938,64
10939,44
10940,86
10941,237
10942,24
10943,208
10944,100
10945,184
10946,6
10947,28
10948,28
10949,89
10950,23
10951,8
10952,6
10953,100
10954,73
10955,31
10956,437
10957,160
10958,119
10959,519
10960,54
10961,221
10962,142
10963,329
10964,349
10965,54
10966,23
10967,8
10968,31
10969,16
10970,36
10971,70
10972,8
10973,80
10974,4
10975,520
10976,50
10977,50
10978,44
10979,4
10980,160
10981,4
10982,83
10983,8
10984,215
10985,79
10986,429
10987,34
10988,194
10989,4
10990,8
10991,77
10992,115
10993,7
10994,82
10995,268
10996,53
10997,143
10998,50
10999,178
11000,70
11001,6
11002,230
11003,76
11004,54
11005,230
11006,44
11007,44
11008,266
11009,8
11010,80
11011,41
11012,26
11013,11
11014,120
11015,62
11016,73
11017,117
11018,133
11019,8
11020,108
11021,31
11022,23
11023,24
11024,159
11025,23
11026,115
11027,231
11028,8
11029,88
11030,194
11031,181
11032,481
11033,58
11034,6
11035,254
11036,17
11037,120
11038,49
11039,36
11040,44
11041,8
11042,65
11043,242
11044,287
11045,11
11046,61
11047,8
11048,48
11049,369
11050,148
11051,14
11052,135
11053,351
11054,454
11055,32
11056,283
11057,132
11058,41
11059,50
11060,21
11061,227
11062,22
11063,44
11064,521
11065,86
11066,107
11067,235
11068,4
11069,272
11070,385
11071,91
11072,339
11073,205
11074,106
11075,102
11076,44
11077,54
11078,21
11079,28
11080,231
11081,53
11082,207
11083,154
11084,206
11085,46
11086,197
11087,86
11088,256
11089,83
11090,8
11091,58
11092,332
11093,88
11094,147
11095,167
11096,73
11097,29
11098,516
11099,35
11100,4
11101,186
11102,205
11103,203
11104,8
11105,107
11106,132
11107,522
11108,305
11109,132
11110,91
11111,48
11112,50
11113,287
11114,8
11115,8
11116,194
11117,8
11118,91
11119,11
11120,135
11121,165
11122,325
11123,135
11124,139
11125,117
11126,233
11127,73
11128,91
11129,8
11130,28
11131,199
11132,196
11133,254
11134,54
11135,375
11136,50
11137,98
11138,8
11139,8
11140,54
11141,8
11142,249
11143,196
11144,58
11145,8
11146,320
11147,523
11148,194
11149,8
11150,135
11151,88
11152,106
11153,151
11154,108
11155,44
11156,79
11157,59
11158,332
11159,23
11160,256
11161,22
11162,303
11163,92
11164,108
11165,35
11166,80
11167,35
11168,243
11169,148
11170,116
11171,83
11172,200
11173,37
11174,50
11175,304
11176,29
11177,112
11178,44
11179,4
11180,58
11181,44
11182,305
11183,10
11184,6
11185,122
11186,20
11187,249
11188,249
11189,8
11190,50
11191,8
11192,83
11193,44
11194,108
11195,203
11196,181
11197,205
11198,8
11199,107
11200,396
11201,114
11202,72
11203,71
11204,66
11205,5
11206,76
11207,23
11208,66
11209,119
11210,147
11211,35
11212,227
11213,50
11214,83
11215,29
11216,29
11217,163
11218,117
11219,8
11220,115
11221,56
11222,24
11223,186
11224,178
11225,50
11226,265
11227,73
11228,159
11229,50
11230,9
11231,105
11232,524
11233,73
11234,48
11235,197
11236,231
11237,102
11238,8
11239,233
11240,8
11241,404
11242,54
11243,41
11244,53
11245,280
11246,208
11247,186
11248,33
11249,151
11250,231
11251,179
11252,54
11253,192
11254,119
11255,16
11256,41
11257,8
11258,8
11259,213
11260,48
11261,23
11262,22
11263,100
11264,161
11265,44
11266,119
11267,201
11268,259
11269,133
11270,209
11271,15
11272,194
11273,102
11274,159
11275,177
11276,9
11277,23
11278,8
11279,69
11280,53
11281,6
11282,7
11283,219
11284,51
11285,205
11286,8
11287,26
11288,8
11289,92
11290,64
11291,115
11292,86
11293,101
11294,133
11295,26
11296,115
11297,102
11298,64
11299,314
11300,128
11301,26
11302,44
11303,30
11304,362
11305,194
11306,50
11307,18
11308,31
11309,148
11310,44
11311,24
11312,23
11313,51
11314,64
11315,106
11316,143
11317,41
11318,4
11319,13
11320,241
11321,235
11322,28
11323,6
11324,121
11325,74
11326,50
11327,195
11328,83
11329,241
11330,54
11331,130
11332,130
11333,114
11334,147
11335,286
11336,86
11337,65
11338,57
11339,15
11340,44
11341,54
11342,59
11343,29
11344,26
11345,275
11346,96
11347,148
11348,15
11349,9
11350,50
11351,77
11352,8
11353,108
11354,77
11355,151
11356,59
11357,21
11358,143
11359,223
11360,8
11361,50
11362,128
11363,128
11364,16
11365,8
11366,114
11367,169
11368,54
11369,128
11370,16
11371,56
11372,207
11373,216
11374,8
11375,100
11376,101
11377,23
11378,21
11379,83
11380,241
11381,106
11382,236
11383,294
11384,148
11385,249
11386,249
11387,1
11388,4
11389,436
11390,8
11391,480
11392,89
11393,143
11394,8
11395,8
11396,115
11397,54
11398,103
11399,10
11400,44
11401,53
11402,103
11403,53
11404,58
11405,83
11406,102
11407,54
11408,8
11409,10
11410,179
11411,16
11412,8
11413,8
11414,8
11415,249
11416,147
11417,8
11418,8
11419,8
11420,102
11421,102
11422,100
11423,83
11424,22
11425,525
11426,76
11427,8
11428,404
11429,86
11430,5
11431,44
11432,51
11433,108
11434,26
11435,87
11436,48
11437,59
11438,83
11439,107
11440,108
11441,82
11442,215
11443,194
11444,268
11445,24
11446,69
11447,16
11448,203
11449,8
11450,56
11451,112
11452,56
11453,192
11454,256
11455,54
11456,115
11457,16
11458,8
11459,5
11460,57
11461,177
11462,50
11463,70
11464,57
11465,77
11466,194
11467,8
11468,48
11469,321
11470,58
11471,44
11472,16
11473,133
11474,8
11475,128
11476,59
11477,115
11478,48
11479,241
11480,144
11481,50
11482,231
11483,369
11484,489
11485,7
11486,104
11487,50
11488,163
11489,442
11490,44
11491,310
11492,76
11493,145
11494,24
11495,8
11496,263
11497,332
11498,377
11499,193
11500,200
11501,50
11502,194
11503,88
11504,54
11505,293
11506,51
11507,50
11508,73
11509,108
11510,120
11511,8
11512,112
11513,8
11514,16
11515,173
11516,215
11517,333
11518,108
11519,248
11520,29
11521,58
11522,78
11523,117
11524,526
11525,115
11526,73
11527,50
11528,8
11529,102
11530,111
11531,203
11532,102
11533,159
11534,100
11535,54
11536,44
11537,133
11538,8
11539,113
11540,98
11541,44
11542,115
11543,117
11544,330
11545,26
11546,8
11547,249
11548,21
11549,44
11550,519
11551,8
11552,33
11553,391
11554,120
11555,527
11556,124
11557,182
11558,8
11559,194
11560,91
11561,16
11562,479
11563,8
11564,50
11565,8
11566,8
11567,106
11568,50
11569,219
11570,265
11571,254
11572,48
11573,129
11574,233
11575,101
11576,159
11577,44
11578,59
11579,44
11580,208
11581,35
11582,41
11583,23
11584,123
11585,8
11586,53
11587,41
11588,108
