0 1 2 3 4 5 6 7 8 9 11 12 14 15 16
1 17 18 21 4 22 23 25 26 27 28 30 31 32 33
2 34 36 37 38 39 40 41 33 43 44 45
3 46 0 1 47 48 49 50 51 52 54 55 56 57 58 39 59 60 62 63 64 66 67 68 71 72 73 75 76 77 78 79 81
4 82 83 53 36 85 86 87 88 57 60 89 90 91 92 4 93 95
5 96 97 3 98 4 53 99 100 102 104 105 106 109 110 111 112 113 114 115
6 116 62 117 4 36 118 119 122 31 123 124
7 4 1 125 126 128 129 130 76
8 132 133 134 38 21 62 137 138 139 140 64 65 142 143 144 145 146 149 9 90 151 8 118 152 153 68 121 154 155 156 157 71 159 160 161 162 163 165 166 4 109 167 168 169 170 171 172 175 176 177 178 180 181 182 124 183 184
9 185 4 186 187 189 157 166 26 190 28 191 32 192 194
10 195 196 71 27 197 198 199 94 33 194
11 200 4 53 201 17 202 134 195 204 39 205 105 207 208 11 148 138 66 209 210 155 67 117 128 213 23 120 161 166 214 129 215 28 216 217 95 14 218 220 221 222 224 225 226 228
12 230 231 232 128 233 212 235 236 237 238 239 240
13 203 40 230 216 94 243 244 226 245 246
14 116 19 230 59 248 249 250 203 204 251 39 252 241 38 40 254 138 64 62 137 156 143 139 140 144 90 258 150 211 8 24 210 118 154 9 262 157 158 159 160 166 107 162 263 163 129 108 265 266 267 268 181 222 269 221 270 271 272 273
15 38 41 105 120 197 265 108 27 28 223 230 183 184 274
16 17 230 275 276 22 110 131 279
17 229 280 281 102 230 195 144 64 135 283 235 237 236 212 234 91 92 12 217 218 95 223
18 37 133 230 280 63 19 146 285 287 288 170 30 14 289 124 94 273
19 86 230 279 95 219 94 290 6
20 230 292 207 293 294 295 131 296 79
21 298 84 54 40 300 230 254 21 106 144 302 117 303 304 142 157 67 158 160 305 91 306 307 235 169 31 173 180 309 167 168 236 175 176 310 311 312 313 270 314 224 272 15 315 316 317 240 318 319 320
22 321 276 322 134 323 324 325 326 327 328 329 331
23 125 332 334 335 285 129 30 336 94 338
24 339 341 87 188 321 285 27 31
25 321 342 343 151 285 131 345 128
26 346 38 60 321 135 160 344 72 348 265 30 77 94 114 349 350 81
27 352 298 353 354 101 355 356 39 358 20 359 147 9 360 321 362 363 364 197 367 368 174 369 313 289 370 184 371 269 79 372 193 374 42
28 84 54 35 375 188 376 321 377 278 179 191
29 378 104 321 260 379 13 173 174 29 175
30 380 381 250 127 321 382 383 295 384 112
31 321 385 388 250 59 252 389 249 251 38 39 204 391 141 145 21 63 255 156 62 147 392 209 137 136 256 359 393 394 150 360 257 303 149 67 117 259 119 121 89 8 396 261 260 262 397 71 285 95 167 169 398 171 172 180 182 177 173 179 212 399 311 400 401 403 310 220 312 314 269 227 245 226 405 406 243 407 408 409 410 320 238 411 317 318 240
32 51 96 412 84 18 36 85 57 413 321 106 285 229 360 365 414 415 338 369 416
33 125 418 419 2 97 420 98 421 34 17 422 99 423 204 390 59 249 205 424 425 321 119 121 156 426 256 67 211 9 8 303 393 213 23 120 158 285 428 343 166 74 429 198 336 180 268 169 181 177 29 173 170 13 174 176 171 398 179 175 33 430 431 433 384 401 313 434 271 314 435 270 223 436 32 16 437 221 272 222 347 438 372
34 46 439 48 49 3 52 353 354 99 281 38 322 127 7 359 321 440 261 24 68 161 304 118 120 157 442 160 305 92 306 307 308 277 444 62 201 445 176 123 16 372 446 447 274 448 246
35 321 209 148 449 255 151 147 145 394 393 450 150 451 67 452 117 24 453 258 153 160 91 212 78 337 431 454 456 406 244
36 48 125 418 97 420 421 2 5 86 101 342 457 321 395 259 119 121 285 158 159 343 166 348 27 266 28 30 384 437 15 115
37 458 459 321 67 396 462 306 266 463 464 223
38 127 396 23 466 162 467 468 263 73 163 74 400 123 434 384 192 374 373
39 116 321 150 87 381 88 256 148 255 276 275 428 262 179 400 282 384 193
40 472 38 248 252 249 256 321 392 450 150 303 153 211 158 159 266 404 433 269 473
41 58 39 188 40 474 20 475 149 275 392 286 442 466 215 73 30 369
42 375 250 477 478 348 74 173 338
43 46 1 49 420 479 321 429 464
44 480 97 17 481 321 137 285 360 131
45 457 62 321 305 306 308 288 131 78
46 417 51 96 84 342 483 188 440 476 303 467 365 484 401
47 40 483 203 204 457 41 485 62 301 300 65 63 210 91 463 309 337 437
48 144 62 22 487 108 444 310 488 464 282 489 42 43
49 332 56 375 195 474 491 127 62 442 94 77 33
50 492 249 203 204 250 390 233 62 441 452 63 139 141 130 212 128 213 71 162 163 107 91 493 494 495 496 173 171 29 178 198 454 455 433 404 384 245
51 498 62 388 6 166 499 461 500 433 456 501 455
52 322 450 67 103 262 360 174 74 79
53 354 85 482 502 322 188 38 458 127 301 253 20 426 89 139 140 21 231 156 66 255 65 148 460 304 145 137 393 451 138 151 257 302 504 23 394 135 441 147 120 442 161 360 107 307 308 367 172 74 279 171 371 369 313 80 374 42
54 54 6 359 426 62 156 209 65 141 137 449 257 394 66 138 135 144 143 210 393 382 67 150 258 453 283 89 304 262 166
55 482 88 57 188 20 62 106 208
56 97 420 298 83 5 355 133 101 57 483 40 474 458 459 127 506 20 507 62 508 11 189 503 363 397 427 360 306 307 509 368 510 267 297 511 512 436 314 271 437 373 246
57 291 203 513 440 231 62 460 514 69 300 254 142 157 89 90 363 286 265 31 221 297 79
58 86 322 136 347 147 139 256 10 138 485 396 121 120 71 166 162 163 165 305 92 277 216 288 30 312 309 171 176 181 172 178 124 314 433 222 32 517 223 44 518 349
59 84 470 241 474 357 63 21 62 363 262 23 365 183 372
60 103 251 59 205 425 138 139 140 135 209 62 137 149 395 8 154 148 519 67 89 90 155 9 303 120 158 263 166 107 236 197 212 521 495 267 12 95 218 167 170 516 31 177 454 497 219 271 434 44 228
61 1 48 49 522 96 185 99 346 375 470 40 357 62 209 302 323 361 382 70 286 120 442 107 467 429 74 404 79 432 184
62 126 38 458 459 301 253 523 69 300 460 62 449 441 257 158 159 68 117 304 67 259 393 71 160 164 165 469 26 306 308 468 429 434 80 524
63 3 18 5 252 38 359 21 62 137 209 255 156 394 449 303 302 117 385 150 395 67 118 360 450 452 485 383 152 213 260 23 262 107 91 33 432
64 387 381 35 39 525 137 60 485 144 10 143 450 153 396 118 30 169 179 181 309 14 33 371 310 32 517 374
65 39 390 251 252 248 249 250 40 458 459 301 253 69 300 514 254 460 63 147 21 137 106 149 140 64 135 144 394 209 256 142 143 119 121 90 258 452 385 8 152 304 453 146 154 395 393 9 118 259 213 23 120 261 71 158 159 161 166 107 461 306 509 443 277 266 167 169 310 31 174 178 198 179 314
66 450 138 71 107 509 177 337 199 435 193 183
67 375 527 103 62 229 136 528 118 264 201 312 311 77
68 417 51 354 247 203 59 248 250 389 231 209 147 156 62 66 394 256 142 392 137 255 283 152 153 395 67 117 258 453 89 128 212 232 130 213 260 71 158 107 214 398 182 177 219 238 403 239 433 384 404
69 280 459 413 513 479 284 24 62 475 20 158 305 469 468 170 289 42 43 490
70 5 87 527 62 142 63 382 392 67 433
71 82 40 62 382 259 466 134 67 120 23 286 442 427 360 530 26
72 51 531 419 97 3 420 82 353 83 34 17 481 186 492 341 5 281 101 482 387 57 104 292 301 514 69 359 145 139 63 147 148 300 62 233 136 106 441 449 255 138 141 426 254 149 394 302 137 156 151 144 257 66 142 143 450 385 452 283 485 382 395 146 152 451 150 453 119 118 360 121 258 67 9 117 210 259 24 90 155 8 154 396 304 213 261 262 23 157 71 161 158 189 162 166 107 164 263 163 165 305 307 308 237 236 234 235 91 533 238 171 182 218 198 173 174 178 167 168 176 170 172 179 169 175 398 180 312 310 430 431 432 222 269 433 221 272 384 270 95 535 537 411
73 357 301 253 254 514 21 69 65 142 361 156 394 151 449 426 62 68 393 210 259 137 139 140 255 70 305 312 434
74 465 251 249 255 66 452 485 302 21 156 211
75 82 201 39 241 231 62 147 63 233 148 137 136 385 237 235 236 538 462 539
76 301 62 139 137 141 136 148 255 392 149 452 450 283 382 89 343 285 237 165 236 166 107 263 175 198 312 455 406 243 409 245 227 408
77 6 540 134 470 204 59 105 149 21 62 64 138 137 135 392 143 120 154 118 121 303 8 90 23 159 161 237 235 236 542 214 538 443 462 122 111 13 175 174 180 178 33 222 221 269 404 223
78 513 479 62 139 141 137 285 158 263 166 297 434 223 416
79 458 476 196 136 147 141 392 21 66 142 62 460 63 137 255 156 138 139 135 143 140 64 67 303 393 159 160 161 530 307 308 542 543 544 444 74 169 168 175 176 30 171 182 198 179 177 178 180 75 29 13 173 174 336 312 430 310 222 431 432 223 32
80 58 126 62 41 513 359 142 143 343 361 392
81 419 185 97 420 54 381 57 62 119 129 131 33
82 375 546 101 47 252 248 38 249 250 204 127 514 253 440 301 63 148 106 449 136 257 302 255 143 359 147 144 209 139 140 476 394 21 137 156 138 392 62 65 141 256 210 259 211 117 453 451 450 66 142 150 303 262 547 71 162 164 165 461 509 544 278 172 199 268 173 177 178 516 517
83 465 548 251 458 413 62 137 253 323 460 65 361 70 466 262 263 215 530 197 443 429 371 289
84 548 62 257 302 426 283 67 451 259 258 211 117 71 166 107
85 390 548 483 203 204 188 40 301 253 89 460 523 254 507 90 514 359 135 62 156 138 139 140 64 144 142 143 118 154 155 450 452 68 304 393 119 121 382 152 8 396 24 261 262 157 427 160 161 158 159 428 343 285 107 162 263 163 164 166 165 305 306 307 308 28 443 266 216 214 172 312 198 168 181 170 199 176 179 171 182 177 180 169 75 29 310 314 270 221 436 434
86 250 256 21 63 62 283 382 8 395 452 153 119 121 67 117 428 404 384
87 375 540 470 103 62 137 66 283 67 259 152 503 189 107 27 110 193 447
88 389 145 62 139 141 138 8 76 193
89 55 472 59 248 389 250 203 204 38 137 21 156 141 209 449 257 302 392 256 143 283 211 67 9 382 393 117 210 262 157 159 166
90 58 39 525 513 62 140 154 396 119 121 71 265 75 29 369 436
91 127 41 255 485 360 189 215 468 197 27 469 28 182 336 77 32
92 49 249 62 323 89 508 166 478 174 74
93 388 59 126 145 65 62 156 256 90 393 210 107 214 171 515
94 18 188 203 204 103 394 209 141 392 147 255 259 21 149 302 156 136 66 283 119 210 382 67 117 385 451 343 166 431 473
95 47 552 352 52 354 186 101 40 188 508 395 69 475 460 253 514 359 63 136 137 62 120 360 367 13 553 371 511 297 554
96 126 390 62 63 148 140 136 478 74 505
97 195 249 483 188 513 440 62 428 303 443 169 271
98 292 148 541 254 62 139 140 135 144 137 363
99 84 18 35 470 252 389 390 204 292 440 69 253 62 149 392 209 143 151 147 137 139 140 66 394 255 64 135 449 257 144 485 453 153 393 152 67 150 117 258 155 385 9 557 343 158 159 285 189 163 164 162 166 165 72 305 91 238 398 558 345 535 317 318 33 430 559 312 222 223 42
100 334 86 388 248 389 376 40 62 475 149 63 147 213 23 397 462 543 551 368 370 309 222 184 273
101 249 204 391 255 392 21 141 106 283 485 385 395 152 153 452 259 450 343 262 428 399 404 433
102 378 62 302 276 153 450 396 503
103 548 188 62 136 288 199 31 336 338 16 435 416
104 188 156 359 256 478 371 289 79 80
105 334 86 381 474 358 453 9 261 158 159 366 544 176 401 435 372 184 560
106 195 40 250 502 322 127 284 62 145 65 156 451 452 213 64 211 256 24 66 137 189 285 71 428 343 427 107 277 131 172 400 31 174 297 178 29 33 432 32 404 384 223 561
107 84 301 141 233 255 156 137 144 145 63 21 136 147 148 441 143 138 139 140 64 360 118 259 24 382 393 117 154 450 452 485 9 146 155 67 211 90 213 262 23 157 120 261 189 71 161 428 343 285 159 160 107 91 163 162 164 294 166 263 165 215 214 217 521 12 464 238 218 311 13 172 317 318 219 535 239 316 220 95 224 232 406 243 409 244 408 221 270 562 536 315 515 319 228 80 416
108 125 418 298 34 17 5 132 457 104 62 383 485 452
109 552 352 412 99 116 86 342 188 62 359 523 300 189 23 208 285 364 166 444 278 182 268 511 309 194 183 372 447 524
110 354 116 188 322 38 452 67 117 8 396 154 71 166 266 168 181 516 179 312 272 15 319
111 241 357 62 360 382 363 107 263 307 197 171 511 436 183
112 357 62 392 283 450 478 488 76 289 297 79 192 115 490
113 62 117 393 363 67 286 189 467 345 79 297 416
114 50 96 351 200 57 62 10 567 425 151 302 360 461 443 444 526 288 568
115 482 465 103 388 127 507 62 208 118 359 8 361 467 478 170 558 399 297 272 270 183 372
116 18 204 322 40 39 459 458 301 514 69 460 144 253 148 135 62 141 140 449 143 137 156 139 136 255 259 64 117 8 283 138 393 9 304 451 155 157 160 107 166 306 215 122 173 177 401 178 309 174 398 175 29 169 167 168 170 75 430 179 289 223 313 270 372 222
117 52 290 55 291 38 249 204 252 322 388 59 40 458 479 460 301 253 514 395 69 300 136 147 148 255 135 65 141 392 62 145 137 138 140 394 144 151 302 149 68 259 393 67 211 117 451 146 155 261 157 160 71 164 166 569 183 15 16
118 540 88 376 548 249 394 62 382 393 145 256 24 70 343 146 286 260 71 166 278 400
119 547 205 62 570 107 264 571 272 511
120 498 388 20 62 382 67 66 259 572 558 511 78
121 340 54 545 375 57 546 251 322 252 301 413 475 64 62 466 107 348 368 573 488 279 169 510 78 416
122 62 359 140 64 21 255 156 383 382 450 452 211 283 262 71 574
123 46 49 339 50 575 97 19 5 195 40 137 21 136 145 10 62 147 441 143 452 148 155 118 8 154 262 152 260 71 158 159 160 161 164 165 443 216 199 182 172 180 496 171 176 179 198 430 431 437
124 125 420 62 89 485 118 146 107 215 216 171 180 175 576
125 332 34 56 341 59 250 249 204 203 389 301 507 63 65 62 139 140 145 137 255 64 426 156 66 394 209 24 393 283 89 452 211 117 119 121 450 485 153 157 213 210 442 107 166 91 75 199 29 198 398 182 176 171 167 168 174 173 178 169 312 404
126 103 126 390 513 392 335 137 229 67 119 121 293 263 197 168 349
127 420 98 390 203 251 204 39 136 148 141 144 145 65 63 137 143 8 139 140 71 235 236 234 166 443 521 109 31 95 15 221 314 245 224 225
128 55 202 204 148 137 210 143 62 263 392 209 255 156 394 66 434 558 112 435 222 314 384 272
129 50 418 185 97 98 83 5 280 346 40 38 145 141 283 259 396 450 89 119 24 382 128 149 232 343 428 285 158 166 91 495 182 398 31 13 171 177 296 75 198 430 432 400 220 409 245 227 433 243 315 228 534
130 252 38 145 21 136 148 149 147 106 360 485 395 23 285 71 189 212
131 472 103 126 251 359 62 188 142 89 428 90 24 361 70 360 282 27 277
132 556 35 251 241 62 142 360 89 363 262
133 251 204 3 390 388 491 60 148 64 441 65 141 139 140 143 135 149 137 144 156 426 485 395 152 453 213 262 23 260 161 162 163 166 107 572 443 197 542 529 75 29 177 433 171 174 180 516 400 434 313 384 80
134 127 62 479 67 213 23 92 28 445 272
135 339 481 133 20 359 135 62 443 311
136 133 375 476 567 62 479 475 395 152 303 24 166 129 31 199 79 16
137 46 49 420 298 17 577 101 248 38 204 474 148 139 64 144 147 135 21 66 209 304 146 283 137 143 362 451 157 158 159 160 166 26 176 401 268 372 183
138 291 378 241 458 127 62 21 23 279 194
139 252 103 241 465 188 20 66 508 62 441 360 361 146 24 285 478
140 200 389 145 256 360 263 163 371 297 338 114
141 125 50 248 389 62 209 257 66 256 211 450 452 485 67 393 117 303 360 259 382 262 260 107 430
142 502 241 38 188 62 121 529 435 94
143 99 37 251 498 252 188 20 300 148 105 160 286 189 385 275 442 120 478 129 468 174 435 33 184
144 37 62 523 189 164 305 306 542 178 169 181 75 296 31 173 174 336 180
145 88 502 41 62 359 64 285 107 478 366 264 215 377 15 558 435 45
146 298 100 281 252 241 38 39 322 65 141 359 145 106 62 21 143 450 283 343 485 118 121 8 154 396 259 213 120 262 23 166 173 174 29 177 178 169 170 16 398 297 438 374
147 46 185 332 133 470 322 40 474 62 496 238
148 417 51 532 470 381 248 376 262 62 452 343 70
149 417 2 98 195 62 21 136 147 283 90 453 150 258 343 285 166 107 365 215 510 198 310
150 200 55 577 18 545 334 291 470 502 322 390 249 203 251 39 252 38 62 257 143 156 139 144 135 138 209 392 137 65 141 256 66 393 211 67 210 9 258 117 303 155 24 450 452 283 382 150 152 146 118 90 8 157 71 164 176 437 16 15 270
151 62 156 161 211 146 530 123 309
152 62 156 302 449 151 153 24 283 382 210 395 414 91 526 345 431 183 534
153 380 480 420 381 498 252 24 262 344 160 463 337
154 339 441 259 68 211 117 451 155 160 166 305 444 309 558 576
155 525 188 204 339 514 21 136 106 140 64 135 144 151 143 449 302 452 382 153 9 154 24 152 121 118 146 155 293 157 71 158 343 285 161 159 91 368 217 109 238 496 172 179 180 124 94 33 369 372 16 223 222 15 314 562 536 563 228 374 42
156 102 458 459 69 523 441 135 67 211 117 146 283 9 68 155 8 304 24 143 166 308 307 415 216 12 179 171 167 170 181 175 198 180 33 15 271
157 133 248 38 188 390 457 541 254 525 63 136 138 64 140 66 144 143 452 8 396 117 485 154 118 119 450 24 89 90 155 9 146 362 158 159 428 285 343 160 427 263 163 164 166 107 365 469 28 542 443 73 27 171 172 13 398 181 173 175 180 516 94 312 431 432 272 222 271 269 15
158 125 50 418 97 340 421 556 202 104 390 249 204 292 69 64 209 138 139 143 450 118 393 24 146 121 154 259 487 261 71 462 288 271 373
159 132 103 206 148 507 229 213 160 92 306 308 420 168 180 369 436 221 313
160 100 502 579 24 229 213 285 78 416 43
161 86 322 59 203 40 502 549 41 24 503 285 343 265 542 415 516 32 372 194 489 373
162 257 256 451 259 450 428 166 107 555 433
163 581 134 285 24 461 159 313 434
164 507 513 301 254 485 63 64 144 302 303 155 24 304 117 146 393 189 364 509 13 45 273
165 134 251 252 241 204 203 127 20 143 276 360 23 392 144 66 211 8 304 24 259 262 260 261 157 159 516 75 434 436 274 448
166 5 532 103 69 460 514 523 300 254 449 302 210 259 304 452 283 150 67 117 451 121 90 258 382 153 393 211 9 155 453 303 146 8 157 160 71 166 107 162 263 164 305 306 307 308 214 538 266 109 95 169 296 171 172 167 30 170 168 181 199 182 174 175 176 75 29 177 178 336 179 180 13 312 430 432 582 15 222 437 221 272 314 243 409 244 408 245 220 403
167 522 51 138 135 141 143 255 156 128 232 396 90 24 212 130 64 91 509 74 174 238 535 317 403 405 223
168 96 333 390 145 441 151 66 137 24 451 450 283 71 161 166 163 162 462 13 431 430 404
169 281 547 502 40 143 144 157 139 140 138 64 24 285 160 161 163 461 294 28 288 372
170 82 52 186 57 203 204 38 292 301 253 145 65 140 64 143 24 583 338
171 492 5 291 101 188 205 441 257 450 393 24 283 146 155 210 9 117 451 361 157 262 344 163 461 305
172 96 545 187 59 248 204 388 322 250 251 38 146 426 441 66 393 24 67 68 449 259 155 211 157 343 71 158 161 159 428 162 163 164 165 166 107 306 307 308 177 178 167 199 182 174 398 173 176 172 400 313 15 269 314
173 380 419 298 186 88 40 458 514 523 460 301 300 24 67 393 211 117 146 283 303 259 449 254 210 302 441 262 213 261 157 71 158 159 266 462 13 221 314 272 15 16 271 437 223 554
174 50 531 97 283 393 210 451 303 430 345 432
175 116 38 249 251 65 141 136 147 137 24 450 452 213 23 120 262 130 212 163 237 236 235 162 263 166 107 214 443 584 313
176 52 84 56 492 346 470 376 507 391 528 119 24 211 155 120 160 364 307 306 308 190 77 350
177 126 506 413 20 136 475 487 557 28 551 278 36 311 198 16 437 272 113
178 301 441 63 136 151 449 257 460 65 392 394 256 283 67 68 303 210 211 259 138 140 117 8 24 146 213 261 23 343 163 171 398
179 56 55 201 5 356 280 88 205 138 64 233 118 24 285 121 89 90 68 152 157 158 159 71 287 263 165 162 217 12 76 171 167 168 31 169 177 336 174 178 198 180 516 218 455 456 220 271 314 272 238
180 188 148 24 9 229 150 161 26 347
181 585 103 256 145 139 394 63 148 65 210 117 382 156 24 119 121 89 90 260 261 71 166 107 277 122 171 296 172 337 312
182 546 381 423 154 519 8 65 66 450 452 485 89 90 155 283 360 67 393 396 382 303 211 210 117 24 157 293 166 242 551 216 516 123 94
183 59 127 514 302 142 361 24 70 429 192
184 299 6 540 252 59 21 65 141 149 302 9 449 151 256 24 145 382 150 210 260 213 255 120 158 159 71 160 161 163 91 162 165 166 214 520 521 219 14 95 312 403 505 430 15 271 350
185 2 116 200 187 342 134 93 38 252 241 322 491 196 207 479 10 24 233 119 121 154 304 9 213 262 25 260 120 161 461 308 266 288 169 167 168 30 181 198 309 175 31 191 271 222 15 437 270 223 32 314
186 101 498 502 251 65 141 140 64 139 21 89 90 157 158 159 161 295 110 75 29 174 436 177 178 167 168 173 222 223 183 372
187 86 195 322 457 6 506 458 254 301 541 144 302 151 65 66 24 155 393 451 146 211 383 157 159 160 161 287 165 307 308 27 31 271 183 501
188 188 127 347 208 363 441 24 189 464
189 5 38 203 204 252 188 251 39 40 424 301 300 253 64 63 441 145 136 394 140 66 151 24 283 211 259 304 67 71 166 305 370 312
190 281 248 376 250 357 24 348 526
191 88 205 458 459 460 292 523 145 138 139 140 64 65 392 209 151 449 257 302 256 143 383 304 393 451 303 24 68 211 155 157 160 166 162 163 164 165 305 306 307 308 311 176 177 429 338 401 13 15 16
192 1 417 3 52 502 322 188 458 127 24 189 27 73 551 377 278 553 279 194
193 99 354 470 195 126 188 483 7 137 24 155 25 211 160 242 122 13 500
194 38 389 204 322 248 249 525 458 208 145 63 64 65 302 140 144 394 209 151 143 24 393 117 9 161 164 398 15 16 271 437
195 380 96 552 412 354 36 346 38 541 301 253 523 460 69 149 254 144 394 151 449 257 426 450 24 259 452 67 117 8 9 146 155 302 64 119 118 121 89 157 71 160 161 164 165 305 306 307 308 463 13 430 431 432 311 15 271 586
196 46 439 354 200 479 64 323 24 229 572 543 181 434
197 248 59 40 301 460 253 69 300 514 523 144 65 256 63 441 392 257 302 66 211 68 213 262 23 9 303 146 8 24 304 451 67 117 393 487 120 161 71 159 160 164 165 305 306 307 175 75 173 172 181 13 16 15 223
198 346 88 59 250 60 151 579 449 257 451 302 89 90 119 121 24 306 307 308 429 431 296 13 430 77 384
199 88 40 301 69 254 145 394 137 140 21 302 136 147 255 149 148 135 209 143 24 451 393 262 213 71 189 162 164 443 178 169 172 180 181 168 170 173 176 29 516 13 398 312 400 310 431 430 404 271 221 16 314 222 517 534
200 422 418 51 419 185 575 97 420 52 421 34 200 202 546 249 390 203 204 39 59 389 251 506 24 68 210 303 451 146 155 157 158 161 71 343 285 160 107 365 263 306 308 175 176 167 169 181 173 174 29 178 198 336 180 310 430 431 432 32 221 272 15 16 271 222 223 436 314 313 434
201 187 145 210 394 24 283 136 159 183
202 390 38 389 204 203 59 357 514 523 254 63 449 257 145 65 392 394 209 143 302 90 68 451 8 24 154 283 259 434 437
203 419 556 102 59 63 140 144 392 233 64 65 66 67 393 139 117 283 8 210 232 157 138 158 160 263 163 166 107 442 72 397 277 31 488 345 181 177 169 199 398 180 432 438 318 535
204 502 525 208 207 9 135 139 283 157 162 198 282 433 32 184 112 560
205 59 389 280 248 137 41 249 426 153 393 24 259 210 117 211 533 171 471 398 399 272 400 484 404
206 380 96 53 84 341 5 532 356 195 498 38 63 136 144 441 151 449 257 143 138 65 394 64 145 256 66 67 393 211 117 146 68 24 451 8 271
207 87 195 103 188 523 41 119 426 65 118 120 393 24 303 166 427 26 266 278 377 174 379 272 194 273
208 24 304 28 444 266 461 131 15 270 372
209 587 103 188 525 477 459 41 460 253 301 254 63 147 135 120 485 395 211 146 9 157 161 159 107 443 216 198 336 172 516 75 29 173 435 177 178 15 314 437 561 554
210 204 24 118 121 8 154 180 401 560
211 151 449 258 24 450 453 160 181 172 430
212 200 86 126 389 388 250 249 251 39 105 507 479 65 138 139 140 426 394 21 147 148 66 136 259 152 89 485 117 119 360 24 396 382 67 393 303 385 395 262 71 158 166 574 171 177 398 173 178 269 433 313 404
213 85 195 38 525 460 300 63 135 138 504 137 143 155 67 117 160 162 263 163 165 72 307 308 469 443 13 172 179 77 473
214 325 588 330 324 240 326 328 591 537 592 329 593 411 320 217 594 596 331
215 564 325 588 326 317 328 537 329 320 235 217 597 331
216 324 325 327 588 330 318 326 589 590 598 599 328 539 220 600 593 592 320
217 601 325 588 330 324 594 240 328 327 589 220 600 595 535 537 329 593 320 536 564 563 603 591
218 564 604 605 325 603 318 588 324 326 327 240 320 606
219 601 330 324 588 535 318 240 328 317 326 591 537 593 411
220 564 605 330 594 238 588 324 598 318 240 326 317 607 539 536 590 593 329 217 592 33 563 562 402 320 608
221 324 609 610 326 220 590 607 328 592 327 593
222 236 564 601 325 588 330 238 324 318 609 217 326 589 317 327 607 600 595 537 602 611 592 593 597 536 220 598 331 225 596 608 539 612 606
223 605 330 594 325 238 535 324 521 599 217 240 589 610 327 220 600 590 328 537 411 536 607 602 563 320 593 329 564 331 608 317 606 596
224 588 326 238 593 317 331 318 606 240 536
225 325 324 588 217 326 590 328 537 593
226 325 588 324 535 217 601 238 326 539 600 590 537 595 602 593 329 536 592
227 325 330 238 588 217 326 327 613 539 328 537 592 329 593 320 331
228 605 330 325 521 609 238 317 217 590 328 327 329 331 606
229 588 601 325 324 539 238 240 320 318
230 564 601 330 318 594 238 217 326 240 599 537 328 589 595 320 602 597
231 588 330 324 590 594 326 328 539 600 411 329 320 217 597 564 602
232 91 325 330 521 588 326 238 535 590 539 328 329 593 331 596 598 608 607
233 564 330 325 588 594 605 601 324 238 240 326 589 539 536 328 613 600 591 411 320 217 225 331
234 519 564 609 325 238 324 535 318 588 217 326 240 610 589 590 537 328 411 593 331 606 608
235 330 325 326 240 539 328 329 411 593 320 217
236 603 317 318 588 217 598 594 240 610 591 220 328 536 600
237 588 326 327 537 600 329 595 320 317 608
238 330 594 599 588 598 238 217 535 318 317 589 328 324 411 320 235 536 563 596 595 559 591
239 330 594 325 324 535 238 590 537 329 593 411 320
240 325 609 594 539 590 537 592 328 329 611 225 596
241 601 330 324 535 588 318 326 590 238 317 328 539 537 411 613 564 320 592 593 331 536 606
242 601 330 594 325 324 588 599 598 238 240 326 589 327 539 602 411 329 593 217 320 536 315 563 562 331 564 596 606 614
243 564 325 588 535 318 326 240 327 589 539 328 595 602 537 411 329 320 217 615 562 536 563 331
244 603 330 588 324 521 217 594 610 220 329 592 593 411 320
245 217 326 238 325 535 411 593 320 539 331
246 609 588 217 324 318 317 327 589 411 604 598
247 330 594 588 238 599 217 535 318 326 240 327 589 539 590 411 537 593 320 329 536 331 608 563
248 605 326 588 590 589 324 328 238 411 329 320 593
249 317 327 238 535 318 589 590 411 320 593
250 601 604 609 324 588 217 317 238 326 521 589 539 590 329 593 331 595 559
251 235 604 325 330 521 318 588 609 324 326 317 537 592 329
252 330 594 588 238 599 535 318 240 324 327 600 564 329 217 331
253 318 238 325 324 588 594 220 326 317 589 237 606
254 125 418 96 3 98 185 99 186 187 346 35 87 470 57 322 188 425 156 449 165 427 468 543 432 434 374
255 351 96 201 103 440 528 253 523 300 514 460 22 189 526 429 272 80 42 43 81
256 3 98 17 34 99 56 381 57 58 502 322 357 440 507 118 189 71 213 9 557 277 551 28 510 267 33 14 81
257 96 55 85 195 389 38 251 507 159 9 428
258 380 96 84 103 22 460 173 94
259 51 96 185 132 545 36 280 10
260 96 3 98 412 420 578 247 423 38 358 426 22 28 190 415 131 74 561
261 1 96 352 346 342 387 39 188 21 359 119 68 23 157 295 168 463 464 617 511 80
262 386 96 185 247 67 449 487 503 107 432 79
263 96 577 545 6 394 392 257 68 151 451 259
264 417 96 34 84 492 101 86 450 23 265 123 471 194
265 186 291 38 424 528 63 136 478 533 569 194 580
266 96 540 251 40 301 300 63 392 441 145 394 65 144 153 485 121 452 283 303 67 450 140 68 161 162 107 306 308 13
267 386 96 420 290 37 491 253 276 65 529 16
268 480 352 96 420 332 116 57 470 250 127 255
269 1 96 101 85 465 203 459 357
270 352 96 375 585 127 440 195 466 109 558 314 618 384
271 417 96 17 55 186 341 427 467 468
272 46 48 339 96 82 52 83 99 354 84 577 101 36 85 87 103 40 38 458 459 479 207 476 484 434
273 84 200 276 145 361 487 285 573 182 617 338
274 417 51 482 292 567 508 479 207 229 89 90 476 166 26 572 264 27 176 77
275 96 481 101 133 203 38 188 70 348 79
276 417 531 96 185 97 53 99 333 55 195 58 390 508 541 300 231 441 466 71 67 393 160 164 92 277 431 432 312 80
277 49 386 96 341 57 249 127 255 468 533
278 339 96 552 352 420 34 99 299 67 385 77 350 580
279 47 1 48 439 49 51 96 84 101 281 247 375 357 20 393 153 286 464 437
280 96 84 482 209 117 70 429 79 345 416
281 96 57 498 476 154 453 119 8 396 121
282 96 84 200 472 86 381 502 149 286 479
283 1 48 96 84 100 381 474 7 160 265 444 461 76 176 338
284 96 577 195 477 206 459 60 479 22 10 441 449 257 71 393 303 543 266 551 184
285 380 51 531 96 420 3 356 195 502 322 547 188 20 149 440 507 135 9 120 166 169 311 78 345 94
286 418 96 340 353 578 485 285 189 365 462 294 169 175 309 123 297 183
287 422 96 185 575 34 83 420 97 84 54 356 585 441 257 449 302 460 514 300
288 96 126 38 158 159 294 108 16 15 437 223 80
289 480 96 340 83 354 84 290 116 545 346 292 570 484
290 185 52 481 341 514 426 151 257 393 451 160 71 305 306 307 308 526 172 372
291 439 96 347 229 383 286 129 108 28 551 278 13 437
292 51 96 290 37 247 241 7 250 507 106 485 213 285 107 367 429 618 436
293 96 97 353 52 200 492 275 154 197 616 274
294 380 96 84 100 103 139 141 357 75 297 112
295 552 351 412 55 355 465 38 483 206 22 155
296 339 386 96 98 332 483 139 140 135 449 138 64 441 151 66 65 141 302 394 392 142 143 156 259 432 515
297 46 1 48 49 339 417 51 96 552 420 82 52 101 247 140 301 68 80
298 125 418 96 97 420 353 34 298 545 35 126 390 108 216 181 78 373 524
299 51 532 57 7 207 9 365 287
300 47 2 134 149 528 135 10 442 92 543 73 169 167 123
301 0 1 417 51 96 3 420 53 84 116 2 87 381 423 166 496 194 221 314 534 273
302 422 51 531 552 96 352 97 421 53 84 55 5 280 550 101 103 154 442 308 434 222 501 274
303 47 339 96 187 10 449 302 441 151 68 393 303 257
304 480 96 341 5 36 587 195 103 477 365 108 216 112 114
305 96 354 56 381 103 395 139 140 282 279
306 552 96 352 84 556 57 188 376 163 520 445 500 447 489
307 531 545 527 249 102 138 450 428 467 306 484
308 290 299 5 86 527 58 39 104 188 127 121 359 453 61 475 145 147 65 141 137 460 275 335 304 466 117 303 136 393 442 360 28 110 295 399 76 445 369
309 96 99 54 101 86 40 276 487 462 616
310 46 0 49 339 125 352 420 298 412 101 619 440 206 335 23 27 367
311 439 339 380 3 55 7 292 348 26 190 620
312 46 1 49 339 53 412 37 5 200 6 104 40 549 276 440 155 117 90 210 257 146 118 157 107 305 168
313 0 439 339 2 52 556 446 580
314 40 570 460 253 254 441 512 65 302 66 304 68 451 397 159 160 161 307 499 538 462 12 95 218 175 177 178 181 169 535 182 318 172 75 317 401 582 312 405 15 191 269 272 221 240 406 243 407 222 316 244 245 537 411 320 225 621 319 536 226
315 49 125 418 492 195 250 390 59 301 392 149 65 141 211 259 119 153 450 452 128 130 71 442 91 214 538
316 339 82 52 53 18 251 250 38 65 302 71 160 161 166 107 573 180 177 516 583
317 419 2 200 492 36 85 457 301 300 148 106 64 143 89 145 441 63 65 67 393 362 75 29 177 178 336 171 511 181 222
318 49 339 522 50 480 419 97 36 85 280 514 440 479 485 67 117 383 530 572 338 310 431 269 192
319 48 339 531 419 83 290 550 122 169
320 339 3 298 412 55 381 470 126 297 289 437
321 339 386 97 421 83 546 285 361 478 345
322 339 84 333 134 440 233 441 378 459 583
323 0 47 50 418 97 98 17 104
324 339 51 82 299 3 105 89 90
325 339 552 99 84 133 58 149 118 504 396 71 348 266 181 464 168 80 620 114 246 44 374
326 339 107 551 370 618 78 112 130 490
327 339 419 352 5 540 206 129 26
328 339 421 84 498 251 40 188 357 127 359 476 567 391 393 553 345 269 404 274 114
329 339 556 86 357 301 41 284 25 366 26 177 33 192
330 339 5 248 145 393 503 211 122 345 399
331 1 339 51 412 481 101 188 474 156 279
332 46 1 339 386 52 412 99 202 361 343 29
333 125 418 50 298 421 34 623 378 38 204 491 148 63 138 395 150 385 155 258 453 210 154 262 23 120 91 214 538 238 535 318 15
334 342 101 385 504 415 511 282 222 115 246 373
335 5 281 388 204 249 203 63 138 64 143 137 65 141 209 392 256 139 140 394 452 395 385 146 485 152 8 258 149 155 161 160 237 166 107 214 336 569 316 198 173 179 30 180 175 176 174 177 29 221 270 436 433 272 225
336 483 127 11 139 140 135 143 151 136 385 395 89 90 158 159 177 312
337 185 133 247 482 359 5 213 25 478 530 429 31
338 195 390 39 525 507 513 143 385 275 285 263 571 370 338
339 380 101 388 126 390 59 250 252 249 39 21 450 452 259 395 453 256 260 343 430 410 226 407 408 245
340 3 98 412 55 5 187 35 252 203 88 513 507 385 120 485 143 343 285 90 28 444 168 271 401 372 447
341 82 132 376 385 460 514 451 304 300 259 71 160 161 365
342 481 341 483 541 385 136 147 137 139 148 66 452 146 262 23 160 158 159 166 107 277 198 336 168 174 75 177 618 583
343 334 103 498 38 188 459 284 135 385 285 189 164 277
344 340 250 38 204 136 139 140 142 21 259 149 147 90 382 385 120 213 262 178 516 583
345 5 101 252 40 106 385 395 213 71 160 263 166 306 542 216 29 398 175 168 178 177 172 176 173 75 199 170 399 401 310 16 223 448
346 103 38 474 188 385 146 504 343
347 291 85 63 136 150 8 154 396 89 90 155 119 118 121 67 211 117 9 120 258 382 157 260 487 261 23 159 160 428 161 189 263 162 166 107 78 198 516 180 310 222
348 127 207 440 155 385 95 505 33 220 193 524
349 91 385 276 36 95 405 243 409 407 245 238 534 319 315
350 83 545 86 203 204 252 251 38 145 147 148 21 441 136 360 89 90 155 119 121 395 118 146 153 158 159 343 285 166 198 75 29 171 182 173 174 176 516 175 310 269
351 51 50 575 97 353 87 356 38 121 120
352 418 552 419 97 420 98 298 421 83 54 200 55 356 585 40 579 506 7 393 211 155 451 307 461 348 306 308 544 484 15 583 337
353 334 356 587 502 241 390 40 229 9 160 543 544 461 616 16 183
354 380 420 55 577 356 423 241 188 388 63 567 347 335 229 428 67 211 117 107 157 572 31
355 356 103 502 322 40 474 127 513 21 63 64 144 65 189 344 78
356 390 139 153 119 120 261 23 343 285 161 162 164 165 166 163 468 217
357 101 87 356 482 57 40 38 508 360 368 486 512
358 1 48 2 19 86 479 229 544 178 473
359 1 552 352 52 356 533 266 264
360 55 356 38 40 145 138 64 441 68 258 143 8 140 144 65 9 451 303 146 155 157 161 71 159 164 165 305 307 308 178 432 13 15 115
361 356 195 188 485 148 567 189 443 370 176 311
362 356 69 7 284 118 336 32 223
363 419 353 83 412 186 281 356 188 127 376 360 485 450 140 144 72 175 488 529 486 447 115
364 125 418 531 97 298 53 280 6 356 40 437
365 50 531 83 354 186 5 356 103 7
366 2 83 34 290 116 556 5 132 356 59 104 61 9 257 122 288 170
367 53 556 5 356 423 541 146 509 484 194 490 44 45
368 531 421 97 87 356 276 138 113
369 100 356 103 249 207 229 146 427 461 310 179 180 123 618
370 333 290 5 134 104 38 20 513 396 264 197 27 443 309 371 16 349 80
371 5 356 527 92 30 370 309 123 269 518 620 44 45 273
372 626 628 629 630 631 632 633 635 636 637 93 638 639 584 640 641 642 643 644 645 646 649 650 494 651 652 653 654
373 626 638 623 641 656 657 658 93 639 659 640 645 648
374 93 624 631 640 662 663 641 493 644 656 648 637 666 625 638 659 660 655 645 661 627 629 630 636 634 639 584 643 646 647 650 494 651 652 654
375 93 663 641 643 637 624 631 662 664 644 656 665 666 625 638 667 668 671 655 645 647 626 627 628 635 630 632 633 634 639 584 642 646 649 650 494 651 652 654 672 673
376 626 623 641 657 658 93 659 660 661 638 668 669 670 663 647 666 625 627 628 629 635 624 632 633 636 634 637 639 673 642 643 656
377 638 623 655 657 640 93 667 659 670 636 663 671 647 666 625 627 628 635 624 630 631 633 634 637 639 584 642 643 493 644 645 646 648 649 650 494 653 654 672 660 673
378 640 643 493 648 637 638 667 659 668 669 636 671 655 666 625 626 642 644 645
379 626 93 638 672 624 660 673 663 641 642 656 648 637
380 93 663 641 648 637 626 638 623 655 656 657 658
381 93 639 667 659 584 635 630 670 640 636 663 641 647 666 625 637 626 643 493 644 646 648 650 494 651 652 653
382 639 662 493 663 655 641 642 647 648 665 93 660 645 661 638 668 669 671 666 627 628 629 635 624 630 631 632 636 634 637
383 626 639 584 640 636 641 642 643 493 644 645 647 648 649 494 651 653 654
384 93 638 639 659 660 640 655 645 648 661 626 627 628 629 635 624 632 636
385 641 93 663 493 648 624 662 664 644 665 625 626 623 657 658 638 639 659 660 671 645 647 661 627 628 629 635 630 632 633 637 584 636 642 643 646 649 650 494 652 653 654 672 673
386 626 638 639 584 640 636 642 493 644 646 647 648 637 650 494 651 653 654 672 660 673 663 643 656
387 638 639 672 660 640 673 663 641 642 643 656 648 637
388 638 623 641 655 656 657 658 639 659 640 648 661 627 628 629 630 631 632 633 634 642 493 647 584 636 643 644 646 649 494 651 652 653 654
389 626 655 624 625 93 659 660 640 645 648 661 667 668 669 670 663 671 647 666 627 628 629 635 631 633 634 637 584 493 644 646 649 650 494 651 652 653 654 639 672 673 643
390 93 640 663 641 493 648 637 638 639 659 660 655 645 661 642 672 656
391 640 644 648 637 626 93 638 672 624 660 673 642 643 656
392 626 638 639 672 624 640 673 663 641 643 656 637
393 640 641 493 648 637 624 664 644 656 666 625 638 660 655 645 661 667 668 669 670 671 647 626 627 629 635 632 633 634 639 642 643 649 650 494 651 652 654 672
394 93 663 667 668 669 670 671 641 655 637 666 626 638 642 493 644 645 648 649 650 652 654 584 646 494 672 624 660 673 643 656 601
395 648 93 640 663 641 643 493 637 638 660 645 661 627 628 626 635 624 636 634 647 639 644 649 650 651 652 653 654 672 656
396 640 93 663 643 493 626 638 639 584 636 644 645 646 647 637 649 494 651 652 653
397 638 659 660 640 655 645 648 661 626 627 628 635 631 632 633 636 634
398 93 640 663 641 643 493 638 659 660 655 645 661 626 628 629 635 624 631 632 633 634 637 642 644 649 584 636 646 494 651
399 93 640 663 641 643 667 668 669 670 671 655 647 666 625 626 627 628 629 635 630 631 632 633 636 634
400 626 623 655 656 657 658 93 639 640 645 648 661 667 668 669 670 636 663 647 666 642 643 493 649 650 651 652 654 584 494
401 624 625 638 659 670 640 663 671 641 655 666 626 627 628 629 635 630 631 632 633 636 634
402 626 623 641 655 656 657 658 639 659 660 640 645 648
403 626 623 641 655 657 658 93 659 660 645 638 668 669 670 663 671 666 625 628 624 630 631 632 633 634 637 672 673 642 643 656
404 280 619 59 570 519 41 147 137 136 441 150 119 67 118 393 213 442 71 348 108 215 462 288 415 510 445 172 198 30 310 516 179 32 369 436 271
405 420 215 53 418 412 354 532 281 40 491 149 541 118 25 264 26 551 278 416
406 49 116 160 461 215 197 543 123 338 446 273
407 195 126 548 39 139 215 27 29 177 269
408 0 439 1 53 201 86 284 466 233 129 73 367 181 463 270 272 369 534
409 391 196 22 382 261 70 343 442 286 107 543 551 345 193 80
410 290 335 10 23 91 215 234 444 463 169 569 310
411 134 389 358 20 284 141 161 107 265 215 221
412 126 252 40 69 254 127 479 118 120 161 286 467 462 530 277 73 509 79 15 269 447
413 84 116 341 303 262 71 215 448
414 249 357 301 359 450 154 396 68 487 286 162 234 263 237 235 236 572 215 543 368 555 367 182 568 511 369 297 270 517 374
415 200 492 36 148 142 63 189 360 467 215 197 345 435 270
416 151 302 257 450 452 283 382 210 451 393 67 261 262 213 260 397 120 161 343 285 160 428 263 163 107 442 166 162 164 165 306 307 215 277 443 509 399 30 13 177 178 167 168 170 172 175 169 29 179 75 174 180 173 336 176 505 430 310 221 272
417 134 548 137 262 260 189 160 343 161 263 163 166 462 529 398 31 297 371 337
418 59 498 343 160 462 215 279 429
419 357 141 359 393 360 343 466 467 215 367 429 400 297 369 435 192 193
420 280 346 63 148 203 58 127 41 284 139 395 142 449 120 166 128 232 160 237 235 360 572 215 236 277 444 214 538 499 377 278 461 217 30 433 95 77 270 403 454 455 456 224 81
421 185 17 202 38 188 485 135 343 285 25 427 215 572 197 555 484 490
422 186 470 381 280 498 58 127 413 567 541 208 275 152 213 23 25 215 543 444 131 401 78 77 45 273
423 480 84 19 132 103 22 71 166 107 438
424 52 291 215 151 467 348 129 377 170 379 445 438
425 38 188 357 506 20 507 60 144 135 89 90 450 469 28 572 543 444 173 401 486 435 222 561 534 273 560
426 498 440 255 335 275 22 343 259 428 285 129 26 197 28 123 79 192 80
427 380 82 52 34 423 550 347 135 188
428 577 470 38 66 136 148 143 67 71 382 261 487 213 442 166 107 215 509 484 297 374 534
429 103 248 357 275 141 361 166 215 28 509
430 51 351 53 200 5 481 581 378 188 88 208 123 45
431 522 352 298 53 354 290 37 532 35 105 152 123
432 480 298 502 322 38 254 458 151 143 139 135 100 16 183 372 80
433 422 418 50 97 298 353 53 54 200 195 103 188 425 119 157 163 166 107 165 295 271
434 418 298 53 17 84 341 21 126 390 285 277 78
435 419 98 298 250 255 259 117 301 66 426 71 158 161 163 164 166 107 181 554
436 439 419 82 83 532 58 39 474 143 452 107 509 443 483 462 180 279 501
437 3 298 186 63 148 140 135 450 121 8 154 71 310 337 314 44
438 48 380 298 421 546 206 362 373
439 185 97 298 290 188 40 346 413 151 63 65 256 171 180
440 125 50 418 575 3 97 298 290 299 335 551 462
441 125 418 50 531 552 97 98 298 353 5 101 482 41 424 541 61 118 121 383 155 461 558
442 98 420 298 100 200 18 514 570 61 139 64 441 138 145 449 105 151 158 159 160 305 308 307 306 108 277 278 267 175 176 182 168 181 171 172 174 177 178 198 179 180 371 221 272 501 115
443 298 341 483 525 441 149 145 9 160 558 30 311 338 183 448 184
444 298 17 203 9 22 107 264 219 193 184
445 298 52 53 17 55 188 124 297 94 184
446 103 548 188 357 127 479 149 229 485 146 262 25 427 366 469 468 28 277 488 289 79 297 194 44
447 56 280 88 357 20 391 107 190 558 586
448 37 357 479 137 213 304 263 368 29 175 435 576 80 183
449 86 134 506 292 479 149 197 415 551 174
450 470 587 502 322 459 479 478 178 371 94
451 479 196 10 343 361 72 468 469 277 79
452 502 251 20 479 137 146 23 468 551 129 311 370 401 222
453 465 188 479 507 347 89 119 118 121 295 167 310 484 184 518 274 448 81
454 532 479 304 149 159 26 108 94 33 372 274
455 103 126 390 127 137 479 9 68 160 363 166 364 469 404
456 103 38 502 188 479 9 160 25 263 366 543 469 79 345 369
457 19 40 479 304 71 414 543 509 444 370
458 99 291 423 249 498 196 66 229 442 25
459 550 195 103 479 253 514 10 151 449 71
460 354 84 301 479 285 555 172 438
461 53 482 423 103 479 460 253 119 121 151 449 302 363 391 343 166 509 529 400 399 437 560
462 479 138 139 140 28 27 463 488 310 76 435
463 188 127 513 507 136 391 119 121 479 213 120 118 67 360 72 167 168 529 438 112 580 518 273
464 63 69 189 197 573 216 176 184 80
465 100 132 36 103 58 41 479 286 189 366 27 266 551 176 191 618 194 490
466 116 556 86 204 127 479 233 72 27 278 526 178 488 272 534 350
467 53 492 132 381 195 424 233 8 153 121 397 182
468 20 479 21 475 229 120 427 468 122 30 176 401 31 32
469 346 250 483 40 20 206 413 424 440 254 300 460 523 479 118 449 189 152 257 234 107 166 235 129 443 28 73 278 509 217 111 553 314 447 43 517 80 42 518 349
470 51 275 160 161 509 377 110 131 173 175 181 179 246
471 188 548 479 366 72 469 551 544
472 477 458 459 479 10 275 65 541 164 288 510 109 571 267 172 500 497 220
473 187 280 127 20 479 440 189 23 277 131
474 54 492 249 40 395 20 5 453 189 322 287 572 277 279 553 512 618
475 51 353 82 332 186 357 479 425 514 254 153 263 163 161 108 288 558 576 274
476 252 38 204 40 149 396 485 150 211 146 118 154 259 89 90 9 119 121 260 157 397 261 189 158 159 428 165 166 305 267 30 370 569 181 13 618 222 223 314 272 269 517
477 413 479 570 8 23 160 25 108 131 583
478 54 5 342 280 40 292 479 425 71 257 476 372
479 522 2 98 17 116 545 88 136 394 392 145 138 64 144 259 262 260 261 122 171 182 177 94 80 554
480 422 18 56 102 188 376 343 393 210 303 530
481 480 3 422 188 449 67 160 115
482 0 422 531 352 2 420 421 34 412 101 132 6 581 546 470 585 280 557 72 336 463 123 405 95 534 374 411 228 240 319
483 422 50 247 188 63 136 147 209 392 394 283 382 450 452 211 303 67 117 361 260 261 262 434
484 418 97 34 83 17 299 19 86 38 204 519 362 370 184 373 554
485 418 50 2 97 353 421 34 299 37 532
486 480 380 185 97 421 82 103 357 79
487 53 201 103 20 127 71 107 167 198 15
488 422 50 418 531 340 353 421 546 547 427
489 439 386 125 422 2 97 98 332 412 5 116
490 422 84 578 142 396 285 478 348 288 436
491 46 47 1 439 49 480 419 352 34 280 474 38 231 463 271
492 46 48 439 49 380 52 99 354 346 241 513 20 130 128 233 232 217 238 524
493 47 48 49 552 17 412 470 502 127
494 46 386 51 52 99 354 375 381 540 423 57 249 252 188 304 452 160 361 300 22 107 478 555
495 46 0 1 91 130 131 538 505
496 46 47 439 48 82 101 134 465 252 41 391 254 441 449 67 68 442 72 16 81
497 46 1 253 523 69 300 254 145 164 308 461 488 311 77
498 46 48 522 386 185 52 84 577 492 156 255 359 259 361 70 478 79 371
499 46 48 82 481 335 189 71 360 469
500 1 47 439 34 101 475 161 360 443 80
501 46 48 49 17 37 36 85 249 204 458 61 523 300 254 460 65 441 64 504 144 68 393 365 650 172 182 430 431 467
502 46 48 439 380 418 2 97 3 52 353 34 492 545 482 188 376 530 544
503 46 1 49 380 480 351 19 487 526 278 168 169 370 310 183 184 112 42 115
504 46 0 2 3 82 52 34 17 54 281 85 195 58 513 507 284 10 343 285 107 28 469 551 311 223 42 43
505 522 552 352 52 99 556 255 156 361 70 79
506 46 82 188 40 519 145 528 10
507 46 1 48 552 135 21 520 91 268 561
508 46 49 51 97 420 353 343 262
509 46 49 522 381 417 508 213 294 415 377
510 46 0 522 359 141 65 156 301 117 67 160 166 429 79
511 46 439 532 459 264 135 311 79
512 46 552 354 578 423 394 143 119 121 285 468 168 81
513 47 1 48 552 185 55 444 311
514 47 439 552 352 99 412 492 188 323 25 462 444 170 80
515 47 380 352 52 99 134 355 204 195 40 38 357 507 513 395 138 144 155 285 189 162 70 427 26 197 27 28 533 444 377 278 176 75 400 445 123 14 435 16 95 486 369 272 183 81 350
516 1 47 17 55 335 207 107 377 179 586
517 47 522 52 133 291 550 502 252 41 137 154 360 478 571 313 434 289
518 47 420 17 299 341 55 470 388 40 474 9 254 523 257 210 304 209 142 344 520 384 194
519 48 47 2 556 35 38 21 214 454 455 456 370 95 218 32 220 409 227 524 537
520 375 126 390 363 160 427 263 166 165 162 107 164 307 308 305 197 542 167 171 13 173 310 172 175 180 311 404
521 47 49 532 134 498 20 23 365 92 379 435
522 1 439 49 522 51 419 185 97 421 578 341 5 122
523 522 82 34 17 412 470 119 118 121 366 242 574 349
524 340 5 342 20 41 263 360 467 174 74 176 270 221
525 340 290 87 195 370 505 618 191 16 80 113
526 340 341 201 532 5 281 38 396 452 393 451 197 551 401 369
527 351 340 375 502 252 20 61 144 508 140 233 119 121 466 189 442
528 480 340 280 322 506 137 528 149 146 363 258 487 360 348 277 122 16
529 340 2 334 39 38 252 138 147 449 393 210 259 141 303 451 152 453 258 203 171 529 181 172 221 272 222 314
530 380 340 99 133 585 103 525 483 453 441 285 41 166 461 296 372 369 373
531 340 412 280 86 251 570 166 129 277 444 30 78 112
532 556 5 188 90 121 361 262 92 180
533 340 2 52 34 100 132 202 86 567 526 30 463 370
534 420 99 57 188 477 357 427 544 462 379 268 617 576 112
535 0 2 53 532 280 103 570 10 229 467 348 167 445 181 488 309 123
536 0 439 1 49 2 420 82 17 299 186 334 86 550 458 459 519 475 508 323 285 190 216 401 223 558 350
537 419 2 3 34 53 99 116 577 581 551 110 312
538 1 51 0 86 88 252 40 241 38 548 188 358 506 127 459 292 254 253 460 301 514 300 523 519 504 63 64 144 304 452 450 146 89 155 157 262 261 159 160 161 71 164 166 26 308 469 28 305 530 108 265 277 510 267 401 13 270 558 314 271 524
539 98 53 17 99 36 281 85 381 195 22
540 0 56 532 579 300 25 264 242 223 112
541 0 2 98 53 17 34 57 491 67 168 529 14 94
542 2 186 280 57 149 207 67 70 464 16
543 1 118 119 107 445 170 30 516
544 1 49 420 34 56 423 108 174 268 297
545 1 417 51 17 18 56 187 438
546 49 380 420 34 17 53 578 187 346 540 423 57 39 483 376 359 347 118 106 25 616 222 620
547 1 125 51 185 531 82 381 127 145 413 107 348 199 131
548 1 420 341 423 387 335 9 103 93 26 14 94
549 1 439 522 51 420 581 389 38 248 390 249 250 203 40 458
550 420 98 53 498 103 75 464 371 617
551 49 522 125 50 53 376 196 212 130 551 398 95 384 220
552 49 323 300 523 514 253 139 140 65 426 452 152 450 153 258 8 90 159 158 107 308 305 176 177 29 169 75 199 167 168 516 173 178 398 174 336 310 384 314 435 221 313 484 436 434
553 49 138 485 119 157 161 158 159 160 162 163 166 107 232 533 277 443 574 169 295 553 456 167 454 497 178 174 582 176 403 77 434 435 409 226 245 221 314 406 407 272 243
554 49 674 615 563 622 676 370 677 680 681 682 683 562 684 685 12 499 686 687 611 688 691 693 694 695 696 565 566 697 698 699 700 402 701 702 703
555 352 40 357 147 106 148 363 503 159 189 442 161 445 311 78 297 289 373
556 290 387 357 119 121 363 120 360 509 297 511 289 78 400
557 103 209 63 361 166 107 70 211 429 79
558 103 40 507 513 528 476 155 189 213 357 25 237 236 235 214 544 12 267 217 238 218 539 220 225 613
559 575 98 99 354 556 341 201 280 126 483 188 357 127 507 41 424 519 137 394 143 156 149 68 393 70 209 67 107 348 108 266 544 169 510 179 123 16 124 33 79 437 246
560 387 126 357 141 9 382 210 462 478 399 297 79
561 389 188 357 459 148 136 256 426 255 257 156 67 155 117 259 302 523 166 197 76 617 384 433 430 431
562 292 451 306 305 307 308 471 13 505 271 15 270 314 436
563 498 322 474 357 301 163 166 197 199 183 518 42
564 58 357 254 41 393 152 300 523 27 167 182 314 270 94 183 580 373 115
565 5 357 300 458 459 572 306 368 516 558
566 87 252 241 357 161 487 162 182 198 371
567 103 502 513 347 127 148 475 442 396 110 183
568 88 389 250 357 67 156 117 89 343 286 76 79 193
569 420 578 202 280 334 291 39 58 203 390 357 459 541 301 253 523 514 254 460 211 259 304 25 160 478 366 509 278 199 429 282 142 183 289 79 434 314 436 435 112 44 45
570 58 188 357 301 41 21 284 359 118 160
571 188 357 21 149 90 28 551 400 79 435
572 188 548 357 343 90 107 167 511
573 380 541 425 8 142 383 397 365 168 270 16
574 200 346 103 188 357 151 449 514 257 302 67 364 166 294 76 529 270 416
575 132 133 103 188 474 357 475 256 507 344 360 572 533 510 369 112
576 346 188 40 22 359 90 425 138
577 87 387 357 206 476 149 514 460 306 308 348 542 377 338
578 3 498 357 103 61 160 365 194
579 100 389 376 241 514 70 428 304 157 343 364 431 345 434
580 88 252 483 251 188 38 357 458 347 396 231 307 543 288 313 434 350
581 390 195 357 135 155 162 305 179
582 423 188 523 257 300 460 393 304 160 171 432 345 569
583 351 99 502 38 58 188 458 459 460 253 145 136 69 425 394 140 64 144 441 151 449 257 256 523 143 283 393 67 68 211 146 107 213 120 261 157 160 305
584 355 619 88 476 151 152 263 160 92 197 288 174 500 558 113 274
585 381 619 38 241 188 204 547 127 458 459 292 41 514 460 253 136 135 150 256 258 254 285 450 153 393 344 307 129 79 77 297 511 80
586 380 100 56 492 527 387 86 40 59 248 38 465 104 253 523 69 460 254 304 157 160 263 163 164 165 166 107 307 308 74 171 13 178 180 198 179 173 176 29 400 311 430 401 310 432 221 183 372 517
587 548 40 458 459 460 359 69 466
588 291 86 514 523 69 300 151 145 138 144 140 64 65 143 305 415
589 532 540 204 249 253 300 460 143 63 137 139 140 135 394 144 138 147 148 155 145 255 256 275 65 66 314 486
590 134 252 241 254 127 460 301 144 475 323 523 8 154 160 120 189 442 25 427 308 530 306 307 443 543 444
591 291 502 460 106 396 452 160 469 26 572 27 278 445 111 435
592 388 60 460 135 426 283 211 285 427 179 373
593 346 472 104 460 514 523 253 300 254 441 580
594 86 540 195 38 40 459 292 69 300 254 460 514 523 276 139 135 140 8 503 263 306 307 308 164 162 462 166 443 288 463 488 13 500 175 505 371 486 314 221 586
595 82 17 5 550 195 104 203 204 393 523 160 265 371
596 417 36 292 301 253 523 254 441 449 257 302 67 509
597 387 482 525 61 142 460 149 208 63 64 144 65 151 449 257 383 67 68 117 9 303 146
598 418 531 97 98 353 83 99 187 476 523 41 104 567 441 460 514 67 303 398 182 29
599 354 578 56 545 247 134 103 376 40 474 413 300 253 514 254 460 301 69 392 66 283 282 166 107 163 165 162 164 533 279 172 398 101 124 384 433 113 580
600 380 201 6 387 381 38 474 523 460 253 300 254 305 509 372
601 376 59 252 248 389 388 301 254 441 151 68 393 451 160 166 461 516 172 175 398 430 431 269 192 272 314
602 459 275 68 304 213 460 253 523 69 300 160 262 260 157 164 71 305 306 266 295 181 431 13 16 271 222 437 223
603 97 353 55 134 204 39 38 40 440 300 149 523 69 189
604 388 127 459 259 460 210 451 70 254 69
605 188 40 359 460 523 67 189 285 279 32 273
606 101 38 40 459 253 301 514 300 254 425 302 68 303 393 67 151 460 211 449 117 155 160 162 163 165 107 305 530 306 307 308 266 13 172 309 471 431 430 270 313 221 314 433 80 586
607 247 251 40 241 38 458 459 127 523 460 424 135 9 487 452 136 147 468 306 543 496 372
608 187 355 103 127 149 460 25 92 278 76 77 193 416
609 88 188 376 507 253 514 300 254 451 393 460 523 69 67 428 161 71 159 574 384 404 192 433 436 270 314
610 284 460 129 277 73 551 555 74 312 463 338 15 455 95
611 351 5 470 195 249 390 250 38 59 188 459 458 64 149 424 89 301 8 396 155 257 69 460 426 210 25
612 51 341 5 483 301 253 514 69 300 254 460 523 145 63 64 144 441 66 304 67 393 210 71 160 162 163 164 166 306 307 308 13
613 280 103 195 249 39 188 250 204 514 462 463 500 80
614 380 84 523 300 460 145 441 144 253 304 64 89 533 372 246
615 587 292 61 256 460 442 242 499 214 338 220 184 228 534 319 42 43 704 613
616 290 55 103 285 300 151 449 257 306 308 307
617 90 460 69 68 253 514 523 254 242 273
618 54 5 35 86 101 38 61 207 460 64 140 144 68 304 157 160 158 164 287 365 277 122 488 172 181 175 473 270 223 272
619 36 38 126 40 127 301 213 157 25 427 197 277 414 544 462 278 168 182 310 434 314 184 274
620 527 195 38 104 292 150 301 300 135 383 118 258 166 277 108 526 461 216 309 168 173 179 169 180 268 558 398 170 29 314 582 218 402 447 489 318
621 301 107 197 175 123 268 350 620
622 301 424 229 145 117 211 172 560
623 334 291 85 134 252 127 301 276 424 8 213 285 25 162
624 412 491 301 541 69 441 157 165 461 266 30 123 13 486 372 222 223 501
625 5 187 86 527 587 104 61 425 440 301 254 121 144 503 67 467 305 308 469 288 616 311 123 14 437 489 44 350 45
626 332 17 86 585 513 508 254 69 301 514 253 362 117 151 449 146 259 155 165 166 108 267 309 94 77 80
627 389 252 548 579 127 485 301 253 300 154 256 450 117 394 8 67
628 481 101 581 482 39 253 301 151 323 449 382 23 285 451 264 242 28 32
629 51 34 470 381 252 40 254 514 301 523 27 94
630 351 290 18 5 87 388 250 59 248 549 301 394 65 392 335 256 393 449 211 117 300 344 365 242 345 404 560
631 332 333 355 86 619 459 567 69 254 253 523 441 66 151 449 302 67 393 303 304 293 161 71 159 160 164 306 414 510 296 168 31 75 29 177 178 529 173 175 180 170 171 30 198 336 169 179
632 38 506 425 284 301 21 160 72 462 288 272 517 273 81
633 83 34 17 84 333 116 200 101 6 247 134 85 381 204 188 38 252 241 250 251 126 390 388 127 300 458 459 139 283 450 90 118 8 121 258 67 146 259 452 393 451 155 285 343 242 461 177 178 198 268 173 484 75 174 272 16 437 501
634 2 52 17 334 35 134 335 208 301 300 366 469 551 369 33 374
635 346 376 137 359 138 209 68 301 253 343 364 158 428 285 23 166 430 437
636 58 188 103 507 9 146 233 301 108 197 265 168 603 316 194 524 45
637 577 186 355 550 40 38 251 301 394 66 302 452 283 67 303 211 259 393 9 71 384 408
638 18 56 550 458 301 69 145 144 63 155 120 213 23 260 157 71 160 164 165 26 28 544 368 553 75 31 29 79 221 447
639 480 185 100 116 5 103 104 376 513 151 257 68 303 107 306 114 350
640 34 483 39 251 40 136 441 68 453 8 90 301 143 161 165 122 416
641 56 578 545 253 300 188 64 393 304 210 65
642 100 281 86 342 195 188 127 506 206 567 196 514 254 293 348 28 415 445 167 168 30 170 123 569 558 309 124 437 350 518
643 291 249 203 59 389 248 507 253 66 209 145 138 63 256 426 67 147 259 158 428 343 285 71 164 122 266 172 13 33 404 222 240 534
644 346 470 40 458 300 142 90 145 64 393 303 67 166 107 242 199 29 198 496 174 178 337 269 15 43
645 390 7 253 118 137 255 66 211 67 259 157 71 160 166 433 13 436 404 270
646 87 88 549 127 292 253 206 143 68 146 155 140 451 160 444 510 178 310 311 370 486
647 581 474 61 567 292 347 9 254 67 393 160 285 262 129 131 553 176 180 178 313 77 221 436 314
648 253 523 209 393 155 304 451 157 160 164 165 166 307 308 306 526 484 13 171 173 175 398 179 516 181 222 433 221 314 404
649 86 7 541 253 136 147 441 137 449 452 395 258 71 343 285 166 162 165 307 370 569 500 431
650 195 59 249 389 203 204 322 251 252 248 250 253 70 285
651 99 423 241 38 253 508 485 572 488 131 79
652 253 41 507 120 158 165 263 265 28 509
653 352 98 52 99 387 470 88 57 252 241 40 38 514 254 360 69 136 148 452 90 155 160 306 307 308
654 54 134 249 38 458 253 475 487 485 155 294 555 336 490
655 126 20 513 396 189 557 478 72
656 253 300 144 160 91 336 124 183 274
657 40 253 300 63 21 136 147 148 145 68 71 162 263 163 166 107 159 305
658 5 527 292 392 253 523 63 69 293 397 296 246
659 40 253 209 145 65 256 392 66 140 151 63 147 139 136 283 211 119 121 303 393 382 210 90 68 451 260 262 261 213 157 71 160 162 163 91 305 134 23 13 172 398
660 354 100 341 55 492 291 86 547 254 20 253 514 530 278
661 577 459 253 441 393 451 191 372
662 100 38 474 507 514 69 135 9 254 145 136 257 302 119 143 396 451 211
663 127 60 514 140 526 377 31 110 79
664 440 514 148 394 393 303 71 107
665 250 59 40 9 304 160 305 306 370 13 558 433 269 112
666 351 333 5 134 527 502 322 587 103 104 458 459 506 127 514 69 300 528 254 223 194 271
667 290 54 250 483 59 38 127 303 393 210 441 79
668 419 185 420 421 200 459 425 514 523 149 151 449 210 393 303 304 451 306 307 169 76 181 13 430 222 437 271
669 556 87 482 103 548 514 276 166 182 193
670 351 3 354 201 545 5 514 476 64 68 28 544 574 271
671 380 51 34 116 134 188 38 101 25 263 306 307 308 401 175 77 447 44
672 69 523 136 449 302 452 210 155 67 451 260 158 159 160 285 71 343 189
673 355 291 87 381 38 514 10 276 277 551 401 314 80 246
674 69 485 257 514 254 308 79 473 112
675 381 195 188 514 145 63 441 256 66 64 144 211
676 388 250 514 147 449 156 259 89 255 90 182 171
677 381 540 465 523 514 300 160 67 257 303 302 307 526 13 14
678 145 65 441 151 257 139 449 393 451 303 67 8 9 397 304 71 308 305 306 16 271 223
679 412 84 465 204 390 248 144 65 67 304 71 159 160 161 307 165 164 166 462 430 15 16 269 270 437 433 272 314 194
680 290 38 151 449 302 393 67 451 303 117 210 304 68 160 313 337 15 16
681 550 457 292 10 362 260 261 157 160 287 365 305 306 307 308 461 131 371 517
682 51 352 420 52 83 17 332 100 55 498 188 105 304 322 72 469 16 371 32
683 18 492 281 59 376 38 255 10 196 383 343 304 67 143 526 179
684 82 86 40 459 458 127 541 304 146 121 120 285 25 348 73 176 29 488 512 524
685 97 421 17 35 195 502 322 459 304 461 16 447 183 81 42
686 281 85 88 322 38 525 292 69 459 149 302 451 304 25 28 190 510 486 438
687 5 587 342 38 506 196 302 397 344 533 496 586 517 246
688 578 35 39 502 465 127 20 507 541 208 22 233 231 160 286 427 107 360 92 277 91 520 551 544 279 238 314 434 535 317 318
689 481 103 188 532 341 304 166 176 169 115
690 2 9 120 107 25 461 462 305 306 307 308 27 28 415 170 297 15 314 371 33 489 560 273 81
691 292 207 283 451 397 177 192 438
692 133 241 392 262 304 263 323 294 72 543 553 384
693 299 280 304 146 155 161 461 571 471 94
694 342 381 134 458 485 152 452 304 503 159 160 313
695 203 519 476 137 209 304 135 162 177 371 516 398 179
696 86 195 206 459 196 304 440 138 64 67 211 155 146 259 557 117 160 107 544 574 77 269
697 507 284 156 258 304 107 468 366 72 197 555 553 174 435 434 183 223
698 292 304 117 368 176 310 33 270 32 44
699 352 98 99 354 304 285 428 107 348 464
700 48 83 465 283 71 117 367 191
701 48 87 86 474 229 427 266 526 484 193
702 386 185 17 84 334 423 59 188 40 347 71 166 109 76 369 94
703 380 352 3 53 5 532 465 366 496 558
704 208 415 169 445 312 77 512 112 448 273
705 188 391 10 120 362 397 312 512 192 438
706 381 147 528 285 530 526 336 272 123 512 221 124 183 501 273 374
707 492 381 88 38 127 136 208 63 426 363 283 146 189 160 123 505 512 273
708 186 470 20 136 135 63 148 144 466 285 310 512 79
709 355 281 527 13 175 75 176 173 179 268 516 512 486 436 221 314 313 416
710 386 50 353 17 299 355 102 477 567 276 468 510 268 471
711 386 17 102 280 127 543 463 79 192 416
712 100 391 67 117 487 260 261 386
713 417 380 51 185 97 421 551 384
714 522 556 102 470 550 132 58 249 459 567 393 471 33
715 522 138 570 426 303 428 76 404 384
716 522 531 419 97 420 3 332 55 556 19 6 86 525 423 40 506 7 9 302 161 91 441 504 533 95
717 522 3 393 135 67 210 343 361 167 173 198 168 518 42
718 522 98 332 34 17 116 88 38 392 453 161 533 297 271
719 522 417 51 480 333 334 388 104 250 39 359 257 568 194 80
720 522 200 252 241 458 549 69 335 70 129 264 108 214
721 439 98 202 88 57 486 193 192 350
722 522 3 354 19 280 38 527 207 106 107 194
723 522 380 116 203 204 38 257 453 303 211 161 158 343 285 162 216 167 182 176 180 431
724 522 3 82 492 545 470 468 288 445 170
725 51 185 84 86 525 475 9 184
726 575 97 281 133 619 103 241 104 10 466 107 78 15 113
727 420 86 87 587 527 254 445 79
728 2 98 3 53 354 333 186 86 7 20 207 147 63 148 137 466 108 444 544 77 194
729 51 2 52 99 57 465 103 376 151 449 257 302 393 451 428
730 51 380 186 280 87 252 90 155 450
731 51 332 99 413 150 121 286 166 544 199 173 75 29 398 177 178 218 372 95
732 51 419 98 34 5 86 541 567 277 14 433 77
733 51 480 34 472 126 390 10 469 167 400 561 112 448 349
734 50 97 34 290 465 203 204 148 452 153 450
735 256 66 71 161 158 159 160 214 267 316 310 312 113 319
736 380 450 99 103 203 485 68 67 158 213 157 343 263 164 122 74 384 511 369 271 404 433
737 380 419 97 332 376 427 478 469 199 182 77 79
738 380 116 188 147 229 485 487 44 45
739 380 412 19 527 540 470 188 104 335
740 380 280 290 152 147 393 451 567 238 318
741 2 82 17 86 7 69 37 285 560
742 380 423 250 103 376 213 117 440 211 361 464 433 193
743 380 63 154 90 71 161 430 431
744 380 352 354 188 285 445 131 221 297 369 416
745 125 418 420 37 5 138 64 288
746 125 84 5 121 276 107 197 170 310 401
747 125 333 116 341 5 86 87 178 123 448 274
748 419 420 421 54 546 474 20 134 211 166 107 26 277 267 518 620
749 125 352 195 57 38 189 285 297 505 289 32
750 50 531 97 353 106 394 209 137 360 68 393 396
751 531 421 103 126 251 41 292 487 67 151 449 427 364 467 171 618 436 373
752 50 421 355 527 619 288 31 115 560
753 531 352 291 280 142 107 429 79 80
754 203 126 252 241 38 40 139 156 209 141 283 211 453 393 118 450 153 382 159 14 167 516 198 175 75 177
755 419 353 421 34 56 577 581 549 466 462
756 419 116 470 502 322 138 166 160 433 374
757 419 578 346 394 66 117 393 451 173 398 505
758 552 419 412 99 390 67 441 207 365 533 509 267 30 124 486 57
759 50 2 17 5 57 195 59 38 388 39 256 449 257 283 393 67 117 303 259 451 258 147 136 118 71 170 31 181 312
760 50 418 3 34 201 291 103 181
761 418 54 556 545 280 547 39 390 250 59 389 63 136 147 137 156 139 140 64 148 143 394 209 151 257 146 65 141 66 256 259 262 487 23 71 164 107 488 181 338 95 77
762 418 185 97 353 83 55 186 492 322 251 40 508 64 66 154 8 451 90 213 120 23 161 158 159 160 71 285 509 277 436 404
763 418 36 355 85 142 146 444 193 560
764 480 290 578 66 211 451 213 262 398 75 312 430 270
765 480 185 97 577 481 302 151 259 283 451 509 430
766 480 52 53 412 290 556 6 387 482 195 76
767 480 333 56 280 346 134 292 476 285 305 242
768 480 552 36 381 147 255 257 67 393 259 283 211 210 152 343 428 263 163 166 107 398 199 464 75 432
769 480 299 19 36 342 103 388 275 107 348 310 32 193 438
770 480 55 292 22 441 361 262 398 279 268
771 480 200 540 195 103 127 507 335 263 29 111 433 313 384 489 447 115
772 480 83 188 22 25 444 573 31
773 480 18 5 465 546 276 544 216 309 221 183 369 33 79
774 201 5 333 151 449 393 67 71 68 129 430 370 568 94
775 480 40 188 106 208 394 211 23 509 462 181 312 193 44
776 480 100 532 280 6 346 87 470 195 40 206 300 142 209 135 151 449 63 147 148 65 141 70 129 26 542 214 431 167 168 529 282 484 350
777 352 354 186 103 477 229 149 107 28 199 79 490
778 502 229 322 466 166 107 443 27 178 110 338 309 586
779 355 86 491 507 229 213 233 574 31 463 558 617
780 412 280 35 248 241 58 229 256 67
781 103 347 106 229 189 15 194 193
782 381 126 389 241 229 452 361 573 429 345
783 195 229 503 285 442 377 279 379 123 94 309 33
784 459 458 20 61 335 149 90 189 488
785 86 388 40 525 229 139 467 542 78 30 172 433 272 270 222 223 561
786 351 55 5 389 251 390 66 229 313 338
787 84 132 41 335 229 360 120 27 616 194 416
788 201 355 381 465 126 127 425 129 72 198 311 617 223
789 381 188 127 209 118 189 27 377 445 336 289 77 435 270 369 184 374 273 416
790 5 59 188 587 101 209 142 229 361 428 343 70 461 511
791 200 140 229 343 285 166 107 348 92 278 74 336 435 372 270 111 297 191
792 103 498 126 251 40 300 229 485 189 433
793 2 86 619 57 284 66 208 229 503 233 294 469 265 444 214 28 217 12 112
794 38 249 188 40 452 89 90 262 158 159 71 160 166 199 221 271 15 272 586
795 578 556 248 250 203 251 6 137 394 256 450 360 138 64 343 199 433 404
796 450 205 149 570 262 286 285 161 467 401 198 370 81
797 203 139 137 450 158 289 94 448
798 17 105 231 147 283 217 95 218 524 537
799 100 481 341 247 248 188 292 450 65 394 151 63 67 144 211 117 136 107 283 140 462 520 558 511 192 438
800 66 426 450 393 260 261 166 107 122 430 431 404 409 245 410 407 244
801 381 38 548 103 195 458 136 285 286 160 467 551 544 295 463 311 484 79
802 465 392 256 257 450 211 117 452 393 260 166 190 583 437 221 272 404
803 389 376 256 452 344 428 158 364 505 114 490
804 387 283 450 67 117 392 66 256 211
805 346 126 40 41 359 450 361 285 265
806 290 252 241 388 389 203 126 204 63 143 441 151 65 426 135 283 146 259 450 382 154 121 107 166 171 516 169 179 370 194 222
807 3 53 84 333 55 37 322 390 38 252 143 450 395 277
808 352 2 98 354 200 519 303 70 368 464 182 345 568 505
809 84 450 359 485 261 213 107 189 360 173
810 549 458 459 69 507 452 344 286 13 223 112
811 241 188 118 452 364 131 489 114
812 38 145 148 137 139 140 441 147 138 141 209 255 394 256 452 68 211 259 213 261 166 107 174 182
813 459 452 285 427 26 370 484 112
814 545 101 546 547 452 81 448 273
815 86 523 363 361 70 478 368 571 429 297 289 79 112
816 550 188 248 250 255 256 259 192
817 550 250 390 252 241 249 204 251 39 322 389 257 248 146 485 67 451 452 155 128 166 509 462 461 75 336 176 398 175 199 180 174 29 177 178 179 401 400 433 446 320 318 586 212
818 188 547 254 335 343 487 285 469 265
819 87 103 20 213 307 306 278 462 77 80
820 37 507 208 119 213 359 118 120 248 285 25 427 197 179 484 221 518 620
821 103 69 20 359 157 165 305 469 28 443 278 279 511 350
822 252 241 359 363 189 264 366 542 171
823 519 68 359 120 302 395 258 70 158 159 160 343 161 71 164 165 36 171 311 176 177 178 13 569 179 180 29 398 174 620
824 465 103 458 359 323 467 572 553 371 289 124 191 15 193 194
825 280 40 38 205 207 359 208 9 138 64 160 189 27 444 377 131 221 617 81
826 387 188 483 574 199 336 76 529 29 398 289 33 433 221
827 63 210 259 283 211 262 23 260 404 384
828 381 148 117 67 283 364 166 107 368 398 464
829 59 249 453 283 466 303 659 278
830 481 492 256 136 117 211 464 371 369 192
831 211 145 441 209 392 255 156 394 67 66 393 117 259 303 451 263 163 107
832 52 17 186 203 38 252 40 61 149 394 140 144 66 283 426 121 154 259 155 90 543 77 42 43
833 481 498 103 188 541 211 148 283 255 393 67 391 117 23 70 432 617 191
834 346 381 209 63 145 137 211 67 117 283 303 462 400 191
835 255 283 262 509 31 371 446 560
836 137 283 211 255 156 67 117 392 66
837 132 483 425 148 147 119 118 121 396 67 117 213 157 262 120 71 158 159 160 164 443 277 173 182 172 169 171 174 175 75 29 178 170 179
838 290 341 186 187 57 250 394 145 65 63 67 283 136 211 66 117 138 451 449 71 158 166 107
839 3 532 133 251 69 208 485 72 461 122 168 272 289 77 33 45
840 186 5 342 134 241 38 188 127 20 347 485 466 23 162 164 583 194 447
841 485 391 67 449 117 213 451 428 91 543
842 532 134 39 40 149 485 9 468 266 270
843 548 458 69 476 22 485 488 616 111 484
844 103 188 40 140 485 487 63 303 146 397 467 505 191 222 184 560
845 483 549 139 485 140 286 189 166 467 530 542 76 179 313 372 517 560
846 545 381 387 58 156 117 485 382 428 285 192
847 187 280 103 241 358 105 127 284 150 119 303 485 361 23 427 294 264 277 551 279 370 42 43
848 375 470 188 474 20 136 147 397 170 31 270
849 203 204 249 136 147 148 65 141 145 485 68 154 8 396 121 89 120 161 158 159 107 495 172 436
850 491 525 145 121 119 8 107 294 75 173 311 74 199 172 29 516 568 505
851 387 502 251 390 440 570 143 9 65 121 396 395 26 242 313 434 369 436 33 222 184 517
852 196 506 426 8 396 119 121 162 163 107 266 336 297 175 172 75 29 176 180 191 272 221 372
853 352 545 541 60 149 155 368 288 30 574 167 170 309 183
854 552 3 353 333 427 341 545 132 585 57 103 105 459 41 458 284 149 504 449 393 442 266 377 278 30 31 111 370 32 273
855 552 412 17 38 40 393 146 189 26 175 198 501
856 552 19 147 159 465 468 414 29 511 289
857 99 354 280 381 423 475 8 396 293 427 529 94
858 334 188 71 427 107 108 182 171 289 369
859 330 325 217 427 604 326 590 536 539 328 564 591 603 331
860 481 556 341 39 427 462 294 277 278 553 14 539 15 447 192 446
861 134 548 20 466 189 442 461 368 571 594 437 524 114 44
862 474 141 285 107 478 266 434 371 511 297 114 416
863 420 17 482 38 59 40 139 303 427 505 316
864 390 40 211 143 530 555 484 338
865 53 133 87 381 280 103 425 148 255 382 67 211 427 13 268
866 195 528 127 507 137 149 144 392 394 70 427 293 159
867 532 282 427 277 28 242 505 369 436 80 501
868 188 41 347 427 366 445 191 316 80 524 44 115 228
869 53 55 545 532 346 126 209 255 361 92 216 526 432 79 373
870 465 117 159 71 161 461 216 30 170 445
871 54 201 58 322 188 424 160 427 360 444 176
872 52 133 322 20 507 41 120 503 428 266 463 198 269 43
873 351 392 361 343 363 70 429 399 79
874 6 36 85 280 425 312 131 370 505 269
875 470 502 465 59 39 127 513 21 347 143 161 157 25 543 28 131 170 345 14 297 505 325 593 537 44
876 85 465 103 502 127 20 449 276 9 25 377 278 401
877 116 37 465 103 105 89 158 551 361 345 372 518 620
878 116 465 127 141 303 397 91 551 415 515
879 470 249 196 557 469 572 505 79
880 546 103 465 188 426 344 572 76 168 505 80 620
881 465 103 145 441 426 393 210 259 117 63 91 434 431 219 192 406 243 409 410 245 226
882 132 387 134 88 57 38 59 390 139 152 142 160 305 27 488 337 372
883 101 470 465 35 520 369 184 489 518
884 101 465 103 188 394 451 302 361 343 79
885 354 116 101 133 35 465 58 88 474 60 336 400 193
886 97 353 421 100 116 201 188 401 463
887 578 545 195 58 465 547 71 366 131 194
888 299 465 547 21 466 462 551 337 517
889 465 241 204 127 147 211 503 368 571 583
890 2 3 98 201 252 241 134 60 335 106 138 140 275 27 295 484 77
891 100 56 545 388 39 241 203 188 138 107 76 511 369 560
892 5 346 378 103 145 63 426 258 257 189 71 285 343 162 166 443 313 529 432 310 568 431 221
893 248 59 513 142 89 285 71 529 384 404
894 525 567 9 468 544 379 529 32
895 348 443 377 288 336 173 74 529 181 310 273
896 3 134 231 567 363 136 65 424 426 70 348 91 216 131 279 529 511 464
897 545 581 546 86 482 525 360 288 279 529
898 391 67 169 14 384 404 193 586
899 188 160 120 543 529 32 511 246
900 352 354 37 280 195 71 242 78 558 80
901 93 667 659 668 669 670 640 671 641 655 647 666 625
902 667 659 636 663 641 655 668 669 640 671 666 625
903 93 641 493 648 640 663 624 631 662 664 656 665 637 666
904 640 648 663 641 643 493 638 624 625 661 667 659 668 669 660 655 637 666
905 93 638 639 584 635 630 636 641 637
906 93 638 639 659 584 630 640 636
907 93 638 639 659 584 635 630 640 663 641
908 93 667 659 669 670 636 671 655 647
909 93 638 667 659 668 640 636 663 641 647 666 625
910 93 659 668 669 640 636 663 671 641 655 647 666
911 641 643 493 648 624 631 662 664 644 656 665 666 625 639 642
912 93 640 641 643 493 637 664 665 625 639 644 656 666 659 660 655 645 648 661 188
913 624 625 93 638 667 659 670 640 663 671 641 647 666 637
914 640 663 641 643 493 637 639 659 660 655 661 667 669 670 636 638 668 666 625 642
915 93 638 667 659 668 669 670 636 663 641 655 666 625
916 93 659 668 669 640 636 663 671 641 655 647 666 637
917 93 638 639 659 660 655 645 661 637
918 93 640 584 668 670 655 636 643
919 93 640 493 639 624 662 664 644 656 665 666
920 93 640 663 641 643 493 639 631 662 664 644 656 665 666 625 659 670 671 655
921 93 639 635 640 663 642 648 655 647 656
922 93 640 663 641 643 493 637 639 662 664 644 656 665 666
923 556 346 257 302 343 449 151 451 383 70 166 165 574 399 384 79
924 82 200 6 381 203 204 358 363 570 196 466 131 370 580
925 133 470 303 67 393 451 76 246
926 52 249 203 101 285 107 612 194 184 560
927 470 147 86 570 206 266 131 33
928 2 492 498 126 127 507 513 425 138 160 263 360 367 486 43
929 3 545 546 423 474 506 442 25 616 81
930 332 71 197 72 265 398 30 310
931 332 353 470 280 506 119 155 107 542 415 368 172 448
932 481 475 61 71 107 166 214 411
933 97 353 421 83 134 86 22 415 447 81
934 83 381 280 57 20 129 265 551 33 373
935 97 86 103 206 20 393 361 70 72
936 97 57 104 126 459 20 89 135 155
937 420 53 17 423 132 322 292 203 249 63 262 23 71 365 443 277 500 123 312 430 33 222 223 269 272 314 404 438 501
938 420 387 241 195 188 579 205 458 459 396 210 343 425 442 160 28 543 544 122 571 471 370 14 489
939 556 203 89 153 120 107 166 172 271 401
940 527 470 508 147 143 300 523 197 277 312 446
941 492 5 527 523 506 7 528 256
942 334 342 188 90 69 523 89 136 568 80
943 346 247 275 285 462 76 338 289 505 434
944 100 249 389 300 254 247 71 571 31 416
945 86 40 525 61 449 461 122 574 198 223 269 272 517
946 299 56 578 247 21 461 258 336 574 94
947 291 247 540 381 527 88 126 251 103 376 206 284 396 343 415 297 270 560 81
948 470 137 146 487 285 313 434 576 246 518 620
949 378 57 38 149 257 466 343 197 444 278 309 447 620
950 556 201 390 9 487 110 553 271 580
951 9 146 155 118 285 71 161 159 160 367 538 558 101 370 31
952 17 84 381 88 292 393 153 286 108 190 510 182 429 267 464 79 568
953 341 577 355 525 570 286 32 79
954 116 507 513 70 120 344 397 286 71 364 31 42 44
955 498 502 525 135 64 9 361 262 286 442 25 92 443 73 526 278 198 429 432 436 372 580 44 45
956 132 375 103 361 70 286 107 158 131 400
957 249 390 376 343 67 393 117 451 263 29 429 511 505 435
958 200 55 390 145 360 208 135 121 68 444
959 100 38 252 40 145 138 64 255 139 140 256 484 371 435
960 84 100 550 250 64 147 140 135 394 209 256 66 145 63 139 150 151 449 302 71 216 271
961 55 577 280 381 57 103 38 204 250 248 141 145 143 211 303 68 259 146 120 155 157 159 71 161 164 288 176 370 436 221 313 223 437
962 10 303 68 71 160 171 172 173 29 178 436 434 221 270
963 525 254 145 41 441 573 172 415 181 309 486
964 388 145 449 148 135 68 118 71 160 161 158 162 263 164 165 305 166 107 266 172 175 181 398 179 312 221 272 269
965 412 100 101 35 88 57 7 119 118 145 143 71 573 110 369 436 44
966 412 84 290 346 203 58 477 525 119 279 30 314 184
967 412 200 502 160 617 124 80 554
968 412 99 116 280 41 441 151 451 449 285 543 430 431 15
969 412 5 334 347 106 118 453 503
970 99 37 545 378 547 8 105 90 121 107
971 99 55 5 188 30 167 168 524
972 99 502 322 205 40 139 392 233 74 176 217 238
973 322 502 579 149 543 462 12 190 180 370 505 16 614 405 220 402 272 191 269 314 559 270 316 315 228
974 37 532 102 188 127 41 347 135 61 106 147 139 64 120 144 118 393 259 530 443 277 572 543 461 176 345 123 194 484 505 447 373 246
975 99 556 5 68 155 9 165 288 222 223
976 53 354 187 126 390 249 86 41 323 311
977 577 201 36 532 208 138 64 197 509 222 77
978 354 54 88 38 252 241 126 251 165 166 580
979 34 17 18 492 252 241 147 9 260 261 159 160 164 165 277 509 95 589 537
980 84 116 299 19 532 88 619 39 38 502 549 118 288 505 374 42 274 81 620
981 144 211 285 70 361 360 569 345 511 79
982 86 502 58 483 425 119 11 25 162 72 14 32 198 274
983 556 132 470 389 250 40 302 144 449 426 65 211 257 154 9 155 393 8 441 118 157 210 161 159 263 164 366 129 26 163 166 107 162 542 277 444 266 443 288 176 516 434 198 30 180 167 170 398 75 173 177 310 312 32 272 222 404 432 431 430 484 270 433 223 534 596 246 130 238 318
984 142 143 256 263 157 71 181 171 182 173 174 177 178 172 433 221 272 404
985 322 127 276 151 382 449 393 285 263 167 30 169 171 182 173 174 75 29 177 168 13 430 369 436
986 126 390 440 196 263 163 173 74 78 558 372 436 416
987 459 22 160 164 163 166 237 236 234 267 219
988 376 513 20 426 382 361 428 70 163 473
989 86 355 188 390 38 424 254 207 9 146 210 163 165 307 108 216 288
990 38 205 459 292 149 141 69 66 164 160 308 543
991 550 103 275 166 160 164 27 168 312 399 486
992 550 195 322 126 188 525 21 508 9 23 393 25 366 469 551 288 279 379 471 484 33 112
993 346 160 107 28 366 26 266 444
994 127 570 154 148 9 503 189 442 25 360 366 28 530 543 74 168 311 345 338 123 183 297 270 184 490 273
995 133 585 457 525 20 8 396 285 293 366 73 551 269 32 435 184
996 347 11 466 23 25 462 366 92 544 295 445 268 33 43 42
997 72 366 544 279 77 583 33 705 402 691 697 524 554 43 416
998 6 86 195 322 188 71 366 26 616 617
999 40 188 155 135 257 302 71 165 366 264 462 310 568 194
1000 187 58 105 127 292 276 152 425 551 76 370 338 44 45
1001 58 139 300 120 231 197 74 297 511 435
1002 5 105 206 41 519 149 135 293 180 130
1003 105 284 360 146 120 25 278 272 447 561
1004 382 8 442 526 377 168 193 313
1005 103 188 477 392 382 211 67 451 107 429 399 79 447 114
1006 188 376 382 141 89 117 259 360 444 436 511 79 314
1007 290 231 212 232 130 128 211 95 318 537 320 411
1008 513 382 67 117 572 371 297 337 78 438
1009 290 187 281 85 425 231 582 497 454 456
1010 133 204 38 154 120 68 160 221 314 270
1011 290 375 376 393 70 471 128 212
1012 290 139 343 157 344 197 369 511 192 448
1013 290 492 132 346 40 466 451 343 74 486
1014 200 550 88 195 525 570 22 343 466 25 123 437 172 618 583 297
1015 54 200 127 363 543 469 168 193 42 44
1016 333 132 134 196 153 25 189 273
1017 333 334 483 459 41 135 362 68 216 560
1018 333 341 6 457 91 520 214 538 212 130 94 194
1019 333 101 241 547 89 541 516 616 176 488 311 425 511 517
1020 502 508 8 360 197 28 223 524 42
1021 333 88 41 425 262 266 368 555 345 33
1022 299 202 36 195 322 188 254 284 519 119 143 136 63 8 396 348 414 266 184
1023 341 299 581 101 502 322 295 182 568 373
1024 100 39 475 23 444 178 76 560
1025 100 149 158 197 27 178 338 184
1026 86 491 424 149 453 302 395 210 120 71 166 236 171 237 172 180 179 401
1027 601 237 324 539 328 607 704 536 537 329 593 320
1028 235 237 604 317 318 326 539 537 411 320 593 536 563 606
1029 132 472 103 547 441 143 285 71 25 157 287 348 27 14
1030 116 381 134 188 135 144 138 68 257 305 110 176 174 14 371
1031 481 375 141 256 146 285 555 461 122 74
1032 481 5 281 151 449 302 303 71 257
1033 54 567 137 144 160 23 345 369 435 270 183 372 184
1034 54 540 482 389 89 466 373 246
1035 54 101 375 546 103 322 547 148 453 40 343 466 71 25 305 461 222 112
1036 548 127 347 150 453 285 467 74 429 486 345 44 45
1037 547 322 38 449 302 478 530 468 27 551 288 371 16 246
1038 587 483 11 141 65 147 135 150 118 146 261 158 159 71 166 108 533 73 30 571 124 336 14 398 310 432 446 246
1039 280 87 86 249 376 390 292 58 504 120 285 528 476 442 92 510 109 268 77 501 350 580 81 115
1040 341 231 10 456 410 407 515 220 411
1041 133 389 90 71 189 368 573 312 80
1042 39 548 117 257 256 466 173 429 345 95 79 405 274
1043 256 67 71 189 160 360 368 268 583
1044 323 146 118 189 166 442 71 165 368 553 75 486 79 297
1045 381 390 126 249 63 120 166 28 368 175 76 289
1046 58 264 278 368 488 13 94 430 431
1047 281 231 203 254 390 38 686 461 216 36 319
1048 387 470 440 61 196 530 416 524
1049 577 132 387 195 104 241 390 502 519 541 137 300 69 395 139 66 119 166 27 131 76 218 370 33 447 524
1050 58 376 188 528 440 360 266 168 131 176 183
1051 5 355 280 88 101 104 441 302 288 432 16 489
1052 200 556 5 280 35 142 89 279 314
1053 186 381 57 38 188 425 63 194
1054 492 127 21 207 363 89 140 443 488 76
1055 623 280 195 38 474 507 394 67 157 530 307 444 278 111
1056 578 201 362 129 216 574 179 371 373
1057 291 587 134 388 570 196 466 72 348 216 278 309 14 372
1058 201 248 70 428 285 343 401 274
1059 18 56 201 147 137 156 158 343 466 90 461 305 178 436
1060 201 470 280 195 5 241 579 425 202 462 129 553 279 370 309 77 372 33
1061 201 134 322 474 137 363 166 142 198 32
1062 55 249 458 459 254 9 157 161 30 401
1063 55 142 119 120 26 444 488 516 76 94 297 289 14 437
1064 55 545 376 525 520 267 432 345 44
1065 56 195 135 148 146 73 311 279
1066 55 498 103 21 60 8 361 275 67 213 293 72 551 91 30 371 435 80
1067 18 375 209 139 210 211 117 158 70
1068 56 36 202 59 376 428 526 288 384 518
1069 101 426 209 107 543 28 399 432
1070 527 579 284 519 347 89 158 442 107 505 114 246
1071 470 195 203 23 27 543 15 79 580
1072 543 444 336 309 484 372 112 114 349
1073 323 285 462 543 377 122 124 438
1074 482 204 249 209 570 196 276 394 257 302 393 210 543
1075 186 207 196 138 64 9 262 149 157 160 166 107 543 74 13
1076 334 502 39 147 393 303 157 161 166 265 131 553 174 74
1077 133 381 423 149 453 261 262 285 189 71 166 107 294 109 182 568 618 271 269 115
1078 498 284 466 294 530 278 569 309 447 580
1079 134 127 136 154 8 466 107 294 242 31 446 246
1080 86 470 550 280 579 61 27 31 179 463 438 45
1081 86 204 40 196 441 155 25 160 365 176 558 45
1082 132 348 462 295 74 279 77 270
1083 86 549 207 119 254 67 68 379 14 175 179 310 274
1084 86 103 249 250 548 20 155 467 553 74
1085 86 188 118 8 23 442 197 311 524
1086 375 86 389 502 40 20 213 462 401 558 180
1087 86 101 483 389 519 67 211 90 107 266 223 77 586 416
1088 474 38 20 335 323 196 146 119 121 453 89 503 90 428 160 365 348 266 377 122 463 268 309 384 222 112
1089 86 387 251 38 188 525 41 507 61 196 118 120 158 160 6 348 572 463 488 170 445 558 13 222 313 271 223 437 501 576 112 80
1090 86 103 38 127 362 160 287 414 184 501
1091 86 383 165 166 306 181 13 430
1092 101 86 527 470 103 188 241 60 507 449 151 486 180 437
1093 86 205 303 211 117 155 288 484 79
1094 186 5 322 147 142 9 323 160 131 311 313 184 80
1095 186 342 104 483 68 285 293 107 306 307 509 122 110 370 124
1096 5 6 390 498 188 205 119 199 398 432
1097 189 165 509 170 399 297 221 183 372
1098 381 126 38 69 8 165 338 123 486 435
1099 5 104 475 89 233 177 15 580
1100 545 233 234 499 12 511 193 228
1101 545 187 546 547 203 39 59 38 121 393 67 467 429 435
1102 545 248 103 241 188 513 428 167
1103 545 188 508 347 443 242 278 173 74 110
1104 545 101 39 7 154 302 149 151 449 8 119 118 120 68 293 160 365 443 462 526 169 109 296 15 13 14 586
1105 545 375 585 35 361 618 79 384
1106 545 474 20 154 363 443 510 32
1107 103 498 251 188 541 275 467 264
1108 132 362 26 129 415 444 122 94
1109 132 147 148 143 60 68 155 157 160 159 161 461 313 447 184
1110 57 103 9 305 242 568 430 77 269 221 372
1111 36 547 135 161 478 26 108 444 510 616 131 370 486 16 183 338 184 246
1112 36 85 127 60 285 504 72 129
1113 238 535 317 318 325 594 220 536 563
1114 236 484 603 704 607 536 330 593
1115 334 195 502 376 424 60 71 25 123 435 94
1116 581 502 424 284 544 399 486 370 618 113 490
1117 375 423 103 424 144 285 466 302 343 107 266 461 176 198 336 617 484 618 193 113
1118 249 107 360 478 530 198 435 618 372 80
1119 551 367 295 170 198 289 33 437 184 534
1120 195 507 138 23 71 107 488 583
1121 40 284 208 118 285 262 259 520 379 500 123
1122 334 389 160 110 177 178 79 384 115
1123 527 104 250 502 506 285 149 260 365 511 433
1124 195 252 459 395 160 120 280 347 348 278 526 216 447 246
1125 250 466 259 428 167 168 400 309 33 42
1126 281 249 39 548 188 7 567 160 129 414 551 488 486 194
1127 133 390 127 254 41 157 189 467 264 265 30 169 309 310 446 246
1128 102 137 141 149 258 393 210 211 260 261 285 166 95 454 455 456 582 497 404 243 408 245 409 227 212
1129 284 117 128 232 212 231 282 403 404 320
1130 6 284 118 121 8 107 92 108 443 122 296 30 75 516 282 314
1131 6 40 393 66 144 451 158 159 285 166
1132 202 470 195 548 570 196 309 167 168 123
1133 375 40 188 474 579 458 20 413 348
1134 355 134 195 203 358 388 153 361 428
1135 355 248 203 474 106 89 158 365 435 33
1136 35 470 252 40 396 119 120 285 121 265 198 336
1137 35 467 365 242 214 538 551 12 79 612 454 455 582 243 409 244 410 226 407 227 408 245 316 319
1138 91 454 497 456 406 243 410 407 245 35
1139 346 441 151 393 65 211 210 461 288
1140 388 502 41 107 288 434 473 437
1141 346 550 103 38 248 155 461 295 269 16
1142 346 59 389 376 204 343 458 131 297 374
1143 58 127 118 61 570 461 295 445 30
1144 470 58 39 61 335 136 463 436 221
1145 61 508 276 90 73 28 242 182
1146 291 322 148 475 208 466 363 312 175
1147 291 68 574 199 336 75 171 172 311 401 124 561
1148 291 20 413 363 207 466 442 184 112
1149 291 252 40 188 127 120 8 159 166 158 468 377 279 435 568 617 289 372 80 42 43
1150 472 470 134 195 208 343 92 216 309 373
1151 233 41 209 138 140 64 362 285 28 469 129 265 277
1152 546 322 69 161 360 170 76 289
1153 85 103 41 208 504 266 295 463
1154 85 470 585 103 425 137 255 159 172 198 181 171 175 289
1155 423 188 525 361 257 362 146 8 155 167 168 169 309 500
1156 423 292 148 285 23 92 533 544 561
1157 241 40 252 507 519 347 189 264 469 28 277 278 13 370 79 338 77 33 372
1158 147 69 166 442 264 72 616 379 174 268 173 29 167 168
1159 381 103 195 303 71 264 26 542 169 310 14 447 350
1160 87 134 249 20 284 208 424 343 365 533 31 516 14 431 15
1161 87 502 508 288 198 30 370 561
1162 126 502 40 390 507 396 323 159 285 570 158 478 443 28 414 377 278 369 223 345 272
1163 134 502 570 68 161 265 79 29 173 437 524
1164 530 28 27 469 110 173 488 16 486 373
1165 38 127 21 476 22 209 262 343 260 530 551 13 336 42 448 81
1166 64 160 285 365 530 197 27 28 444
1167 474 143 120 160 121 530 168 379 169 268 313
1168 470 498 251 474 394 135 442 107 379 309 511
1169 255 303 363 361 442 211 343 23 70 158 364
1170 134 195 20 143 466 22 8 160 71 365 15 191 80
1171 134 482 103 474 550 383 393 361 429
1172 482 502 204 458 41 284 155 120 160 344 131 31 184
1173 59 470 208 428 343 572 345 399
1174 248 63 60 335 23 265 74 505 560
1175 251 506 141 208 533 444 278 433 554
1176 381 58 39 459 69 41 507 121
1177 381 466 166 461 509 377 571 131
1178 381 548 138 64 140 144 288 110 271 372 33 193 183
1179 195 39 127 149 441 262 466 71
1180 347 21 466 118 155 110 167 379
1181 21 275 71 509 445 309 270 193
1182 502 474 21 361 70 444 400 345 399 79
1183 38 147 148 89 90 343 285 107 509 223
1184 203 250 147 148 23 262 131 15 243
1185 188 474 507 208 288 379 32 112 273
1186 388 59 474 256 66 361 70 428 79 193
1187 392 361 70 343 399 429 454 505 410 192
1188 195 196 66 137 343 23 572 571 168 345
1189 103 205 363 155 68 262 23 71 437
1190 204 491 69 70 161 478 72 28 278 295 269 297 310
1191 38 483 127 347 10 469 181 372 350 81
1192 103 126 208 503 343 107 338 112 114 349
1193 483 146 65 426 257 302 67 393 344 166 468 509 553 177 30 31 272 194 113 115 560
1194 389 376 249 103 256 388 180 434 433 384 179 183 15 271
1195 550 396 210 70 171 399 488 429 505
1196 468 443 216 266 167 180 270 191 580 518 274
1197 127 209 255 391 210 361 343 397
1198 541 343 72 168 198 76 32 246
1199 336 169 31 15 371 123 370 434 221 270 183 372 447
1200 458 211 10 466 266 444 463 553 169
1201 475 120 285 189 370 31 198 516 486 272
1202 38 252 65 551 182 471 14 371 548
1203 38 20 149 22 551 435 112 44 273
1204 322 502 23 166 544 434 313 80 45
1205 195 388 38 60 160 338 313 372 184 115
1206 59 255 120 466 285 287 197 443 311
1207 548 203 127 347 396 177 371 437 561
1208 58 126 39 60 118 89 142 107 277 444 278 463 131 221 404 193 44 81 115
1209 126 251 39 392 8 166 400 436 369 192
1210 40 324 326 328 600 537 330 411 593 564 320 329 217 318 596 535 317 606
1211 214 538 238 535 218 219 539 239
1212 443 551 526 75 29 170 271 310 77 44
1213 262 157 26 277 29 78 95 77 437 269 534
1214 208 157 262 23 71 107 544 180 516 175 171 177 178 184
1215 110 182 180 401 312 310 16 437 336 42
1216 370 707 708 674 675 709 614 710 711 712 713 499 615 224 622 621 12 698 676 611 680 699 686 716 694
1217 706 370 709 691 675 622 621 678 677 679 681 682 683 12 718 711 720 721 687 722 723 724
1218 370 709 12 239 719 675 679 680 717 691 707 697 402 710 615 614 563 714 621 725 562 688 687 726 694 699 702 700 685
1219 370 709 691 224 712 699 685 622 689 698 688 565 681 682 686 718 690 694 692 679 678 715 727 693 723 677 721 687 722 728 729
1220 370 721 709 224 674 675 536 615 622 12 684 562 699 688 686 677 563 722 693 499 695 696 566 723 724 730 694 702
1221 709 691 224 698 721 707 708 675 612 614 697 712 676 499 563 621 714 678 715 725 684 685 611 719 562 686 690
1222 706 674 721 717 370 224 709 708 675 712 614
1223 370 499 12 684 562 699 686 687 688 721 563 689 725 729 723 724 695 696 224 694 702 703
1224 370 674 707 559 684 679 712 563 678 713 224 731 682 676 699 686 721 615 687 692 695 703 685 700 732 701 728 693 729 724
1225 674 370 239 717 698 691 622 699 686 694 695 696
1226 717 674 370 709 691 708 707 559 679 682
1227 370 674 713 499 677 678 715 622 621 714 12 727 565
1228 674 707 370 709 731 712 499 714
1229 370 706 707 697 224 708 675 614 710 712 536 713 499 719 680 711 621 676
1230 370 674 708 675 709 710 615 712 713 563 677 694 562 722 715 700 714 699 702
1231 717 674 706 698 370 709 691 499 614 622 621 676 684 688 677 694
1232 675 697 709 731 674 370 712 705 536 615 622 711 681 562 688 686 687 692 12 695 694 702
1233 370 709 674 721 239 719 675 712 707 708 402 615 710
1234 370 709 708 731 710 536 697 713 563 499 621 562 611 720 693 692 729 723 724 694 699
1235 12 370 721 239 680 679 706 717 716 701
1236 370 674 717 708 707 615 499 563 705 699 12 679 536 698 682 683 689 562 720 678 690 677 565 692 685 726 695 696 723 724 694 721 703
1237 239 719 675 721 706 370 224 698 707 711 713 499 622 621 684 718 681 682 683 699
1238 149 120 266 377 336 705 338 270 316 337 221 289 192 495 515
1239 118 396 466 27 377 170 123 310 436 446
1240 158 160 468 179 110 336 123 272 371 183 372
1241 705 536 615 709 677 712 563 224 676
1242 622 677 709 499 714 12 224 699 684 726 685
1243 709 708 675 674 707 536 713 615 677 678 224 676 562 697 731 693 699
1244 674 721 707 708 675 612 710 712 536 713 615 563 224 622 621 678 698 679 681 682 683 12 725 562 688 720 686 687 685 722 730
1245 536 615 499 563 224 622 621 679 562 686
1246 235 604 535 218 317 609 324 326 537 327
1247 330 324 594 601 326 328 329 590 593 331
1248 238 605 317 604 318 325 603 330 535 594 598 601 609 240 326 607 539 590 589 600 592 537 329 593 411 320 602 331
1249 330 324 238 535 326 599 327 589 320 536 590 328 600 537 539 225 615 563 598 602
1250 328 330 539 590 537 613 320 704 591 329 607 331 536
1251 605 330 594 325 535 318 326 240 610 589 539 328 317 591 590 704 613 537 411 33 320 564
1252 537 411 704 328 593 604 317 318 591 329 331 562
1253 605 594 324 601 318 535 326 220 539 328 590 613 537 329 593 411 563 596 564
1254 325 217 589 594 327 328 590 537 329 593 320 602
1255 330 594 589 704 217 539 592 327 590 331 615 562
1256 330 589 328 324 590 592 595 704 613 607 537 411 602
1257 330 609 598 324 238 318 217 326 328 521 536 563 600 327
1258 217 328 411 329 593 315 330 331 596
1259 324 330 238 535 326 598 609 590 537 320 328 539 536 331
1260 599 330 238 535 318 324 328 536 537 329 600 315 320 217
1261 324 539 600 537 328 330 590 411 602 593 592 329 564 331 596
1262 217 328 330 590 329 593 539 320
1263 324 601 326 327 590 411 328 320 598 329 564 331
1264 330 324 240 326 594 411 593 217 611 590 564 600 329 315
1265 605 238 217 589 327 328 600 590 537 329 411 320
1266 539 589 328 537 411 217 329 564 238 535 320 600 331 606
1267 324 318 217 325 240 539 590 328 329 320
1268 324 594 327 539 328 590 600 225 329 593
1269 325 594 537 326 589 590 600 329 328 593
1270 330 599 238 324 535 318 326 327 328 613 590 217 536 591
1271 324 325 594 326 590 328 537 320 593
1272 326 220 591 590 328 600 603 320 411 593 217 329 331 536
1273 326 590 330 600 595 593 320 329 217 220 331 225 606 608
1274 217 600 328 238 537 411 593 329 320 564 603 331
1275 325 601 326 240 328 317 590 600 411 320 329 564 238 535 318 562 331 537
1276 324 217 535 318 327 328 589 604 537 411 315
1277 238 325 217 535 318 240 594 326 589 317 327 590 600 595 411 537 329 598 591 596 608
1278 328 217 539 600 324 325 327 590 593
1279 240 318 324 325 326 328 238 327 590 600 537 593 329 411 536 220 606
1280 601 590 600 328 537 411 320 329 593 598 591 217 595
1281 217 238 535 326 327 240 595 678 715 711 536 725 699 12 411 563 537 600 566 589 686 565 700 331 687 721 328 719 726 729 723 724 564 728
1282 317 328 600 537 590 411 564 603 320 593
1283 601 325 326 328 539 327 593 606 608
1284 601 330 324 217 609 535 318 610 220 317 328 607 600 329 592 315 593 320 536 564
1285 614 622 499 615 677 711 715 621 705 678 698 714 12 719 680 536 727 720 563 686 684 687 716 726 694 692 565 697 722 676 690 566 732 701 702 729 730 703
1286 727 692 695 694 565 698 699 700 702 728
1287 499 714 677 674 678 715 685 725 622 621 698 679 680 563 681 682 689 615 684 718 719 699 686 716 720 687 565 693 726 566 722 732 676 690 729 723 724 694 402 700 702 703 728
1288 691 708 675 707 679 681 682 536 720 686 615 731 689 726 721 677 722 700 728
1289 12 562 686 691 716 499 695 696 721 614 699 720 702 701
1290 674 708 707 675 612 710 712 499 677 622 715 621 698 536 731 719 563 686 693 694 702 728
1291 559 705 710 536 712 615 622 677 621 499 714 676 699 682 683 12 562 679 680 698 681 731 701 695 724 697 693 694 729 723 703 702 686
1292 674 726 696 729 723 724 694 685 702
1293 694 685 701 702 566 684 699 728 730
1294 689 686 721 722 732 677 692 565 685 566 701 694 499 702 730 559
1295 674 612 675 710 711 712 731 615 224 678 12 562 720 726 499 677 694 713 685 728 699 702
1296 695 696 614 698 694 721 677 566 697 224 720 699 690 730 594 701 702 684
1297 674 224 559 499 718 562 699 686 694 729 723 724
1298 601 604 605 564 609 325 330 324 598 327 537 592 411 329 320 331
1299 564 609 324 326 327 329 593 604
1300 601 330 535 318 217 326 327 324 539 537 411 329
1301 601 330 325 326 590 600 411 331 608
1302 601 600 537 330 329 593 217 564 331 536
1303 605 330 594 324 535 317 318 326 327 590 537 329 539 331
1304 497 406 409 227 245 318 537 411 319
1305 12 674 239 719 675 687 717 218 402 710 614 536 731 499 615 726 559 702 730 688
1306 682 683 499 677 698 718 684 699 726 689 687 686 696 224 727
1307 675 674 705 710 711 536 499 563 622 715 714 677 719 562 699 686 718 729 723 724 702
1308 706 707 705 710 536 674 615 563 622 621 714 677 698 679 699 562 680 12 684 716 686 689 692 722 732 676 566 702 729 724 730
1309 708 676 678 715 622 611 677 698 699 12 727 714 716
1310 725 684 612 699 12 718 731 562 720 685 686 716 677 536 499 692 565 722 726 730 732 614 563 697 402 700 701 698 728
1311 677 499 715 681 682 683 12 680 727 698 725 699 536 688 720 563 565 724
1312 238 535 325 589 536 563 604 329 317 331
1313 675 710 697 615 705 563 621 678 699 611 562 686 732 676 690 703
1314 705 675 710 712 615 713 563 715 12 684 725 718 562 720 727 699 686 716 692 565 722 732 703
1315 705 710 615 686 722 676 700 730 702
1316 674 563 621 683 676 698 681 682 685 720
1317 582 497 454 456 406 243 409 244 410 407 227 408
1318 603 238 535 326 536 563 608 595 607
1319 536 562 685 719 692 565 615 687 224
1320 605 594 324 238 317 535 318 589 220 217 602 592 536 563 603 595 608
1321 325 217 326 590 539 537 238 329
1322 590 600 593 330 217 602 564 331
1323 324 325 599 220 326 327 590 329 593
1324 590 592 595 602 330 537 593 329 217 536 596 606 608
1325 590 600 329 598 217 595 602 603 564 331
1326 594 324 535 317 330 595 592 564 593 329 603 598 597 217 331
1327 613 600 590 330 225 595 329 602 217 597
1328 589 327 590 537 600 595 593 602 329 217 562 564 331 608 598 603 559
1329 330 600 590 539 537 593 564 603 331
1330 325 324 240 217 589 590 537 329 593 411
1331 564 598 324 217 326 610 536 537 220
1332 564 594 326 220 238 240 589 590 595 593
1333 324 600 537 330 595 225 607 33 564 536
1334 238 564 535 317 325 330 594 562 536 563
1335 564 599 324 220 595 602 329 318
1336 330 326 240 327 590 539 329 411 318 591 331 595
1337 238 317 590 411 320 329 593 331
1338 325 324 535 318 326 238 317 590 593 411 320 331 606
1339 325 317 600 537 329 535 318 331 559